27
32
37
39
46
47
64
81
105
105
111
156
168
180
187
199
239
273
278
300
318
325
325
343
412
433
435
448
475
480
590
597
656
670
703
741
809
821
889
889
899
918
952
960
1041
1060
1129
1186
1226
1243
1247
1253
1253
1271
1278
1305
1308
1309
1326
1345
1354
1368
1445
1494
1501
1564
1598
1600
1751
1800
1801
1858
1888
1918
2014
2113
2133
2144
2265
2289
2294
2331
2334
2376
2391
2405
2417
2457
2524
2607
2635
2697
2769
2776
2786
2807
2854
2858
2895
2901
2903
2917
2972
2978
3017
3044
3083
3129
3137
3140
3187
3229
3242
3261
3324
3337
3381
3390
3400
3415
3466
3490
3498
3527
3590
3624
3787
3815
3884
3903
3907
4024
4079
4117
4118
4137
4151
4164
4197
4235
4369
4394
4435
4477
4485
4564
4592
4694
4720
4727
4731
4732
4809
4848
4967
4986
5032
5050
5071
5077
5080
5085
5086
5151
5163
5223
5330
5354
5366
5484
5487
5503
5559
5580
5585
5591
5626
5678
5733
5738
5762
5825
5859
5877
5889
5897
5917
5919
5959
5972
5996
6037
6050
6063
6082
6085
6169
6170
6178
6197
6248
6283
6311
6313
6363
6439
6443
6450
6458
6525
6543
6545
6563
6574
6615
6617
6627
6642
6660
6719
6755
6761
6798
6814
6861
6902
6940
6953
6953
7062
7115
7136
7146
7170
7201
7230
7310
7341
7419
7437
7454
7487
7489
7505
7632
7685
7696
7715
7838
7863
7890
7912
7972
8106
8221
8258
8283
8283
8390
8448
8489
8525
8564
8573
8597
8663
8757
8759
8811
8821
8823
8847
8855
8862
8865
8868
8893
8942
8949
8953
9029
9042
9072
9088
9102
9176
9299
9323
9378
9394
9420
9452
9486
9513
9561
9569
9584
9651
9651
9722
9769
9829
9848
9860
9884
9903
9970
9983
10004
10025
10033
10053
10163
10164
10210
10212
10222
10227
10270
10298
10320
10359
10376
10385
10423
10476
10490
10526
10564
10678
10761
10765
10842
10872
10900
10903
10944
10980
10992
11008
11117
11165
11242
11246
11267
11294
11313
11367
11383
11400
11403
11414
11441
11455
11485
11518
11540
11545
11554
11565
11591
11620
11678
11690
11703
11725
11753
11773
11777
11813
11823
11857
11867
11894
11906
11909
11929
12036
12037
12144
12206
12248
12249
12267
12272
12323
12323
12340
12367
12388
12441
12463
12482
12519
12532
12550
12564
12595
12614
12706
12706
12711
12769
12796
12829
12829
12831
12899
12958
12986
13010
13027
13095
13127
13148
13208
13297
13370
13435
13489
13672
13727
13734
13775
13778
13780
13816
13835
13853
13878
13898
14044
14093
14181
14211
14215
14236
14241
14285
14416
14510
14527
14533
14544
14605
14631
14646
14711
14738
14742
14760
14765
14782
14915
14950
14986
15014
15066
15066
15120
15146
15217
15257
15271
15290
15347
15349
15368
15380
15396
15448
15473
15504
15518
15520
15566
15571
15677
15685
15691
15698
15698
15717
15735
15742
15759
15765
15788
15790
15816
15930
15938
15953
16018
16024
16064
16085
16095
16116
16130
16178
16180
16250
16299
16315
16353
16366
16391
16415
16432
16461
16473
16490
16587
16590
16596
16604
16642
16675
16682
16718
16797
16798
16827
16867
16921
16925
16995
17072
17085
17098
17159
17175
17176
17195
17212
17234
17268
17283
17430
17442
17471
17484
17493
17544
17640
17653
17667
17695
17725
17754
17768
17794
17800
17816
17882
17882
17893
17893
17967
17967
18013
18036
18112
18113
18227
18233
18255
18256
18261
18271
18272
18319
18374
18397
18472
18481
18498
18557
18581
18587
18613
18631
18667
18679
18755
18789
18799
18830
18898
18918
18957
19110
19146
19213
19243
19243
19254
19279
19341
19349
19382
19400
19407
19437
19461
19501
19503
19602
19608
19636
19676
19699
19715
19723
19752
19765
19802
19857
19858
19899
19938
19957
19987
20024
20058
20074
20110
20121
20131
20163
20203
20301
20302
20305
20333
20336
20432
20475
20478
20524
20585
20615
20625
20630
20654
20702
20719
20723
20797
20874
20947
21063
21089
21286
21293
21306
21307
21311
21335
21390
21392
21394
21405
21413
21424
21460
21493
21496
21568
21596
21607
21671
21709
21791
21828
21853
21854
21885
21967
21977
22016
22020
22030
22037
22091
22101
22105
22114
22130
22134
22138
22168
22178
22224
22251
22308
22360
22372
22388
22410
22434
22465
22515
22518
22552
22604
22678
22702
22771
22792
22875
22969
23038
23091
23166
23222
23241
23267
23321
23370
23387
23404
23420
23430
23478
23552
23568
23583
23643
23649
23649
23690
23749
23795
23854
23893
23905
24012
24042
24058
24108
24120
24127
24187
24276
24278
24309
24376
24394
24396
24434
24479
24488
24535
24657
24757
24778
24831
24866
24869
24871
24897
24905
24934
24941
24954
24971
25034
25069
25077
25177
25182
25269
25299
25371
25372
25375
25376
25390
25398
25400
25420
25430
25502
25509
25515
25596
25611
25640
25654
25691
25724
25733
25845
25847
25873
25883
25963
25994
26009
26021
26065
26106
26114
26184
26221
26289
26319
26336
26351
26361
26378
26451
26457
26457
26494
26508
26579
26620
26626
26630
26681
26708
26790
26811
26814
26819
26829
26848
26867
26932
26937
26957
26981
26986
27021
27037
27083
27091
27092
27099
27178
27196
27247
27255
27289
27358
27379
27423
27436
27505
27577
27600
27646
27697
27734
27738
27759
27759
27767
27774
27784
27872
27915
27925
27935
27943
27986
28013
28033
28075
28090
28115
28125
28132
28188
28211
28218
28275
28285
28285
28286
28291
28300
28332
28347
28417
28472
28500
28507
28552
28563
28591
28611
28621
28655
28705
28706
28712
28719
28732
28754
28772
28872
28888
29002
29055
29100
29151
29152
29218
29222
29281
29305
29336
29380
29393
29408
29411
29440
29463
29468
29492
29492
29526
29550
29565
29740
29741
29762
29779
29802
29822
29898
29945
29970
29991
30023
30156
30157
30254
30269
30343
30377
30388
30440
30484
30547
30606
30615
30623
30664
30687
30710
30728
30744
30862
30882
30895
30903
30933
30934
31028
31031
31078
31112
31117
31138
31291
31325
31349
31398
31404
31428
31461
31470
31477
31515
31527
31562
31571
31581
31613
31649
31680
31685
31783
31827
31836
31851
31871
31883
31950
31964
31995
31997
32058
32071
32107
32107
32122
32316
32335
32349
32390
32396
32458
32467
32474
32492
32549
32568
32577
32586
32593
32616
32641
32660
32697
32724
32733
32738
32784
32790
32831
32880
32997
33016
33022
33106
33107
33243
33272
33372
33385
33387
33388
33401
33451
33472
33522
33528
33528
33605
33607
33621
33640
33810
33838
33868
33891
33902
33959
33964
33997
34012
34038
34070
34098
34111
34164
34166
34241
34252
34327
34354
34364
34390
34408
34443
34516
34518
34541
34554
34556
34580
34616
34676
34722
34727
34765
34790
34794
34803
34825
34832
34877
34885
34897
34919
34950
34974
35002
35027
35062
35074
35098
35129
35153
35239
35320
35447
35452
35462
35538
35580
35586
35624
35721
35740
35760
35849
35858
35863
35937
35941
36018
36131
36211
36261
36282
36315
36315
36377
36396
36463
36468
36468
36548
36590
36621
36657
36673
36694
36735
36738
36774
36792
36792
36854
36874
36916
36916
36953
37000
37000
37025
37025
37033
37052
37068
37071
37104
37106
37121
37126
37130
37197
37210
37232
37246
37269
37282
37314
37334
37357
37461
37491
37521
37553
37569
37605
37645
37657
37662
37679
37710
37765
37776
37848
37907
37939
37952
37984
38011
38166
38196
38258
38263
38273
38344
38357
38370
38473
38499
38514
38553
38618
38633
38658
38678
38730
38735
38760
38760
38775
38789
38795
38804
38846
38858
38928
38949
38995
39054
39059
39059
39065
39069
39085
39107
39119
39179
39290
39318
39369
39460
39463
39524
39533
39559
39600
39612
39672
39675
39748
39765
39777
39797
39818
39831
39847
39927
39931
39941
39974
40025
40051
40091
40091
40172
40251
40261
40306
40307
40318
40330
40418
40421
40430
40468
40487
40570
40576
40594
40595
40603
40606
40645
40675
40681
40733
40760
40777
40823
40885
40974
41072
41082
41151
41198
41222
41235
41240
41265
41295
41343
41344
41407
41423
41481
41492
41566
41579
41594
41604
41718
41722
41730
41748
41785
41802
41937
42004
42029
42060
42078
42087
42095
42170
42178
42193
42247
42249
42257
42276
42359
42372
42406
42575
42614
42636
42698
42704
42706
42716
42737
42790
42806
42811
42824
42830
42847
42849
42864
42874
42884
42936
42959
42960
43002
43040
43055
43083
43096
43103
43129
43265
43346
43449
43462
43505
43537
43548
43549
43626
43633
43715
43772
43820
43859
43899
44010
44025
44097
44104
44123
44136
44166
44222
44229
44240
44305
44330
44335
44356
44400
44493
44580
44603
44618
44619
44620
44633
44710
44711
44711
44775
44780
44822
44841
44843
44866
44891
44932
44989
44996
45040
45048
45061
45084
45090
45111
45113
45152
45174
45266
45305
45314
45378
45440
45518
45566
45604
45626
45628
45635
45652
45693
45708
45728
45747
45751
45754
45830
45842
45844
45847
45914
45951
45988
46034
46070
46079
46082
46113
46115
46125
46134
46209
46258
46326
46327
46332
46337
46356
46437
46486
46504
46540
46569
46607
46631
46747
46751
46760
46763
46812
46837
46905
46921
46974
46982
47001
47060
47066
47181
47189
47192
47194
47251
47304
47340
47387
47417
47480
47528
47569
47571
47592
47643
47690
47716
47784
47784
47794
47797
47836
47855
47879
47891
47977
48026
48043
48051
48154
48159
48179
48187
48232
48255
48272
48310
48340
48417
48427
48437
48505
48539
48562
48585
48592
48612
48615
48618
48657
48711
48754
48768
48772
48773
48778
48828
48830
48834
48854
48861
48871
48885
48890
48890
48942
48949
49005
49033
49041
49072
49103
49127
49158
49176
49210
49271
49286
49287
49355
49369
49376
49377
49406
49442
49513
49517
49523
49526
49536
49564
49605
49605
49627
49650
49657
49674
49735
49737
49900
49911
49974
50014
50015
50041
50046
50052
50105
50133
50160
50168
50240
50285
50297
50317
50335
50407
50426
50454
50503
50571
50598
50623
50630
50728
50734
50753
50792
50838
50865
50880
50883
50893
50930
50935
50978
50994
51057
51128
51207
51228
51260
51261
51363
51503
51516
51523
51576
51580
51622
51704
51734
51776
51804
51818
51832
51857
51857
51934
51951
51983
51996
52004
52058
52090
52092
52125
52172
52182
52190
52195
52235
52235
52397
52472
52472
52478
52498
52679
52681
52682
52859
52868
52872
52889
52890
52913
52999
53056
53062
53062
53113
53133
53146
53172
53189
53290
53367
53424
53472
53508
53508
53555
53603
53611
53668
53684
53702
53782
53823
53916
53980
53982
53990
54035
54039
54044
54085
54090
54169
54288
54348
54378
54408
54446
54448
54482
54506
54522
54558
54599
54635
54671
54726
54893
54925
55024
55032
55054
55087
55108
55175
55238
55241
55306
55338
55357
55388
55430
55482
55523
55534
55586
55601
55602
55616
55652
55692
55748
55829
55831
55836
55872
55934
56017
56060
56073
56092
56123
56172
56182
56263
56285
56352
56362
56366
56510
56531
56590
56602
56615
56625
56640
56648
56660
56730
56745
56819
56836
56853
56872
56964
56969
57009
57019
57028
57058
57084
57108
57162
57212
57223
57225
57318
57318
57333
57353
57366
57387
57400
57431
57441
57464
57527
57602
57616
57632
57654
57670
57680
57734
57780
57829
57843
57913
57931
57952
58017
58038
58041
58056
58068
58101
58174
58293
58323
58345
58360
58365
58366
58378
58385
58399
58405
58408
58447
58455
58500
58511
58518
58547
58548
58576
58580
58611
58647
58711
58714
58735
58748
58755
58785
58785
58795
58802
58809
58832
58860
58875
58882
58894
58908
58922
58934
58980
59085
59086
59098
59110
59191
59203
59231
59247
59248
59265
59300
59302
59351
59356
59369
59381
59396
59410
59507
59523
59528
59564
59570
59576
59588
59595
59675
59684
59712
59779
59837
59867
59890
59891
59923
59946
60049
60115
60140
60161
60291
60315
60343
60373
60422
60433
60450
60487
60495
60502
60516
60584
60601
60612
60654
60675
60681
60694
60695
60712
60767
60769
60809
60882
60940
60948
61025
61063
61083
61111
61115
61190
61213
61242
61279
61299
61377
61383
61389
61402
61418
61419
61443
61446
61449
61462
61490
61497
61507
61548
61590
61597
61626
61628
61651
61655
61666
61750
61758
61770
61782
61819
61885
61888
61980
62003
62021
62040
62088
62109
62128
62156
62235
62245
62268
62283
62307
62313
62313
62332
62421
62432
62433
62486
62512
62563
62597
62637
62674
62688
62697
62780
62787
62791
62810
62901
62902
62925
62974
62988
62988
63054
63074
63074
63102
63191
63240
63319
63332
63411
63529
63554
63623
63765
63765
63796
63860
63878
63952
63964
63981
64025
64067
64215
64259
64344
64410
64416
64435
64555
64568
64638
64647
64661
64678
64719
64752
64769
64782
64796
64823
64838
64879
64887
64893
64909
64986
64992
65032
65066
65069
65133
65177
65192
65243
65338
65379
65391
65469
65492
65502
65504
65508
65509
65513
65520
