37
47
64
111
300
325
412
480
656
821
899
918
960
1247
1305
1309
1354
1494
1598
1751
1801
1858
1918
2405
2457
2786
2854
2895
2917
2972
3044
3083
3229
3242
3261
3381
3400
3907
4197
4485
4809
4967
4986
5050
5163
5354
5366
5484
5503
5559
5585
5591
5626
5738
5859
5917
5919
6037
6082
6169
6248
6458
6543
6545
6574
6615
6617
6660
6719
6798
6861
7062
7136
7170
7341
7505
7632
7696
7715
8221
8283
8283
8390
8448
8663
8823
9042
9323
9513
9569
9651
9651
9848
9860
9903
10210
10761
10992
11117
11414
11485
11554
11777
11906
12036
12144
12248
12482
12519
12532
12564
12614
12706
12829
12831
13027
13095
13127
13489
13734
13853
13898
14093
14215
14241
14510
14544
14742
14760
15380
15698
15735
15765
15788
15930
15953
16064
16250
16315
16353
16432
16590
16604
16675
16718
16797
17195
17430
17493
17544
17893
18112
18319
18667
18799
18830
19146
19243
19341
19461
19503
19699
19802
19957
20110
20432
20723
21293
21424
21596
21967
22030
22037
22105
22130
22168
22224
22308
22360
22410
22465
23222
23321
23583
23795
24108
24276
24396
24479
24488
24657
24757
24778
24905
24954
25034
25069
25177
25182
25371
25375
25400
25502
25515
25611
25883
26065
26106
26351
26708
26790
26937
26986
27092
27099
27247
27255
27289
27379
27423
27505
27734
27738
27784
27935
28188
28218
28285
28417
28732
28754
29002
29055
29151
29408
29492
29802
30156
30254
30343
30440
30484
30606
30710
30895
31028
31078
31404
31562
31581
31680
32107
32335
32390
32396
32492
32586
32724
32738
32784
33016
33022
33272
33387
33451
33621
33640
33891
34580
34722
34765
34897
34919
35002
35239
35452
35849
35937
36211
36261
36377
36463
36953
37000
37033
37106
37126
37246
37269
37357
37491
37553
37645
37657
38011
38499
38514
38553
38678
38730
39290
39524
39612
40025
40051
40091
40172
40307
40318
40418
40468
40487
40594
40603
40681
40733
40823
41082
41492
41748
41937
42095
42178
42249
42372
42406
42704
42806
42847
42874
42884
43103
43449
43505
43548
43859
44010
44025
44229
44330
44493
44618
44633
44711
44891
44996
45084
45111
45440
45635
45708
45747
45751
45847
46125
46327
46356
46437
46486
46760
46812
46905
47194
47387
47528
47571
47690
47797
47855
48026
48051
48187
48340
48417
48612
48773
48778
48890
49286
49355
49517
49523
49536
49605
49657
49735
49900
50014
50052
50105
50168
50454
50503
50571
50598
50623
50792
51207
51523
51951
51983
51996
52004
52058
52090
52092
52195
52498
52682
52872
53062
53062
53290
53508
53702
53982
54090
54558
54599
54635
54671
54893
55108
55238
55241
55338
55482
55534
55652
55872
56182
56352
56510
56836
56872
57028
57223
57225
57366
57400
57431
57616
57632
57931
58101
58360
58365
58405
58500
58547
58714
58735
58748
58785
58860
58882
59110
59191
59231
59248
59507
59523
59576
59595
59946
60140
60291
60516
60675
60767
60809
60882
61190
61213
61242
61299
61377
61402
61418
61462
61490
61590
61655
62021
62040
62088
62156
62235
62283
62313
62674
62787
62902
62925
62974
63074
63074
63240
63332
63765
63981
64647
64719
64752
64769
65032
65069
65133
65177
65243
65492
65502
