37
39
47
64
111
156
168
180
278
300
325
325
412
448
475
480
597
656
809
821
889
899
918
960
1060
1129
1186
1247
1253
1305
1308
1309
1354
1368
1494
1501
1564
1598
1600
1751
1801
1858
1888
1918
2113
2331
2376
2405
2417
2457
2697
2776
2786
2807
2854
2895
2917
2972
2978
3044
3083
3129
3137
3187
3229
3242
3261
3324
3381
3390
3400
3490
3624
3884
3903
3907
4117
4164
4197
4235
4369
4485
4592
4720
4809
4967
4986
5032
5050
5071
5080
5085
5163
5354
5366
5484
5503
5559
5585
5591
5626
5738
5762
5859
5917
5919
5959
5972
6037
6082
6085
6169
6178
6248
6313
6458
6543
6545
6563
6574
6615
6617
6627
6660
6719
6798
6861
6940
7062
7136
7170
7341
7437
7505
7632
7685
7696
7715
7863
7890
8221
8283
8283
8390
8448
8597
8663
8757
8811
8823
8865
8942
8949
9029
9042
9176
9323
9420
9513
9561
9569
9584
9651
9651
9848
9860
9884
9903
10033
10053
10163
10164
10210
10359
10385
10423
10490
10678
10761
10842
10980
10992
11008
11117
11165
11313
11367
11383
11400
11414
11441
11485
11554
11591
11678
11753
11777
11857
11906
11929
12036
12144
12206
12248
12249
12340
12482
12519
12532
12564
12614
12706
12711
12829
12831
12986
13027
13095
13127
13297
13435
13489
13672
13734
13780
13816
13853
13878
13898
14093
14181
14211
14215
14241
14416
14510
14544
14738
14742
14760
14765
14782
14986
15014
15066
15066
15257
15290
15380
15396
15448
15518
15520
15698
15717
15735
15765
15788
15790
15930
15953
16064
16085
16116
16130
16178
16250
16315
16353
16415
16432
16473
16590
16604
16675
16682
16718
16797
16798
16827
16921
16925
17159
17175
17195
17430
17442
17493
17544
17653
17754
17768
17794
17800
17893
17893
17967
18036
18112
18113
18319
18472
18481
18667
18755
18799
18830
18957
19146
19243
19243
19254
19341
19407
19461
19503
19608
19676
19699
19715
19802
19858
19899
19957
20058
20074
20110
20301
20432
20478
20585
20615
20723
20797
21293
21311
21335
21392
21413
21424
21496
21596
21607
21671
21709
21791
21854
21967
22016
22020
22030
22037
22105
22130
22138
22168
22224
22308
22360
22372
22388
22410
22465
22604
22792
22875
23091
23222
23321
23387
23552
23583
23749
23795
23905
24108
24187
24276
24376
24394
24396
24479
24488
24657
24757
24778
24831
24905
24954
24971
25034
25069
25077
25177
25182
25269
25299
25371
25375
25376
25390
25398
25400
25420
25430
25502
25515
25611
25640
25654
25691
25883
26009
26065
26106
26184
26221
26319
26351
26457
26508
26620
26630
26708
26790
26811
26848
26867
26937
26957
26986
27021
27037
27091
27092
27099
27247
27255
27289
27358
27379
27423
27436
27505
27646
27734
27738
27759
27759
27774
27784
27872
27935
28115
28188
28211
28218
28275
28285
28286
28291
28332
28417
28706
28732
28754
28872
29002
29055
29151
29218
29281
29408
29440
29463
29492
29492
29550
29802
29822
29945
29970
30023
30156
30254
30269
30343
30377
30440
30484
30606
30615
30664
30710
30728
30744
30895
31028
31078
31117
31291
31404
31470
31515
31527
31562
31581
31680
31827
31883
32071
32107
32335
32390
32396
32458
32474
32492
32577
32586
32616
32660
32724
32738
32784
32880
32997
33016
33022
33106
33107
33272
33387
33401
33451
33528
33528
33621
33640
33891
33997
34166
34241
34516
34580
34676
34722
34765
34790
34803
34897
34919
34950
35002
35074
35239
35447
35452
35462
35580
35740
35849
35937
36211
36261
36377
36463
36468
36657
36792
36792
36916
36916
36953
37000
37033
37052
37106
37121
37126
37130
37210
37246
37269
37314
37357
37491
37553
37605
37645
37657
37765
37907
37984
38011
38273
38499
38514
38553
38633
38678
38730
38735
38760
38795
38804
38928
38949
39054
39085
39119
39290
39524
39600
39612
39765
39777
39831
39931
40025
40051
40091
40091
40172
40251
40307
40318
40418
40421
40468
40487
40594
40595
40603
40681
40733
40760
40823
40885
40974
41082
41151
41198
41235
41295
41407
41423
41481
41492
41594
41748
41937
42078
42095
42178
42193
42249
42359
42372
42406
42636
42704
42806
42811
42830
42847
42849
42874
42884
42960
43040
43103
43449
43505
43537
43548
43626
43859
44010
44025
44097
44136
44229
44330
44400
44493
44580
44618
44633
44711
44780
44822
44841
44866
44891
44932
44996
45061
45084
45090
45111
45266
45305
45314
45440
45566
45626
45628
45635
45708
45747
45751
45754
45842
45847
45914
45988
46079
46082
46113
46125
46209
46258
46327
46356
46437
46486
46751
46760
46812
46905
47181
47189
47192
47194
47387
47528
47569
47571
47643
47690
47784
47784
47797
47855
47891
48026
48043
48051
48154
48179
48187
48232
48255
48310
48340
48417
48612
48615
48754
48773
48778
48828
48890
48942
49033
49158
49286
49355
49369
49376
49442
49513
49517
49523
49536
49605
49627
49657
49735
49737
49900
50014
50041
50052
50105
50168
50240
50297
50454
50503
50571
50598
50623
50630
50734
50792
50883
50935
50994
51207
51261
51516
51523
51776
51818
51857
51951
51983
51996
52004
52058
52090
52092
52182
52190
52195
52472
52498
52681
52682
52859
52872
53062
53062
53189
53290
53367
53424
53472
53508
53603
53611
53668
53702
53782
53823
53916
53982
53990
54090
54288
54378
54482
54558
54599
54635
54671
54726
54893
54925
55032
55108
55175
55238
55241
55338
55482
55534
55602
55652
55829
55872
56017
56092
56172
56182
56352
56510
56531
56660
56819
56836
56853
56872
56964
56969
57028
57084
57212
57223
57225
57318
57366
57400
57431
57464
57527
57602
57616
57632
57654
57829
57931
57952
58041
58101
58174
58360
58365
58405
58500
58511
58518
58547
58548
58580
58647
58711
58714
58735
58748
58755
58785
58785
58795
58832
58860
58882
58908
58934
58980
59110
59191
59231
59248
59265
59300
59351
59507
59523
59576
59595
59675
59684
59779
59837
59867
59946
60140
60161
60291
60343
60433
60502
60516
60601
60612
60675
60694
60712
60767
60809
60882
61025
61115
61190
61213
61242
61299
61377
61383
61402
61418
61449
61462
61490
61497
61590
61655
61666
61758
61770
62021
62040
62088
62109
62156
62235
62245
62268
62283
62313
62332
62421
62432
62597
62674
62688
62787
62901
62902
62925
62974
62988
63074
63074
63102
63191
63240
63332
63765
63796
63981
64555
64647
64661
64719
64752
64769
64838
64909
65032
65069
65133
65177
65243
65379
65391
65469
65492
65502
65508
65520
