1
3
11
16
18
27
27
32
37
39
42
46
47
64
69
72
80
81
81
82
83
96
100
105
105
108
111
114
114
131
136
137
139
156
168
178
180
181
187
190
199
225
227
239
242
273
278
278
286
287
300
314
318
322
325
325
335
338
340
342
343
356
361
373
377
389
407
408
411
412
422
425
431
433
433
435
442
448
455
458
474
475
480
491
516
546
549
558
573
574
576
588
590
591
597
656
659
670
703
711
724
733
735
741
752
755
762
770
790
807
809
811
813
815
816
821
827
838
849
862
870
884
889
889
899
918
935
952
959
960
967
973
987
989
997
1001
1023
1036
1041
1055
1060
1063
1074
1088
1094
1102
1119
1127
1129
1130
1133
1141
1163
1169
1186
1188
1194
1196
1214
1222
1225
1226
1229
1243
1247
1253
1253
1263
1270
1271
1278
1282
1283
1305
1308
1309
1321
1325
1326
1332
1342
1345
1354
1364
1368
1377
1417
1418
1420
1435
1445
1445
1457
1458
1464
1473
1485
1487
1494
1501
1515
1518
1519
1524
1526
1532
1538
1547
1550
1564
1568
1573
1597
1598
1600
1617
1644
1655
1674
1699
1726
1737
1743
1743
1746
1750
1750
1751
1762
1776
1791
1794
1800
1801
1823
1830
1837
1846
1858
1871
1883
1888
1889
1891
1902
1918
1918
1920
1923
1924
1927
1937
1946
1947
1950
1963
1969
1977
2014
2016
2021
2025
2029
2033
2036
2052
2066
2079
2091
2099
2113
2124
2133
2142
2144
2151
2161
2165
2168
2173
2190
2193
2214
2216
2224
2238
2244
2244
2264
2265
2268
2288
2289
2294
2298
2312
2313
2314
2320
2331
2332
2334
2355
2368
2376
2380
2387
2388
2391
2391
2405
2417
2423
2433
2442
2453
2455
2457
2488
2492
2497
2501
2505
2514
2515
2524
2533
2550
2556
2558
2558
2560
2562
2563
2582
2584
2585
2590
2591
2603
2607
2608
2610
2616
2618
2626
2635
2637
2677
2680
2686
2697
2697
2723
2740
2745
2753
2769
2776
2776
2779
2782
2786
2807
2810
2816
2819
2824
2839
2840
2854
2857
2858
2858
2860
2889
2895
2901
2903
2915
2916
2917
2934
2939
2943
2948
2972
2972
2978
2980
3003
3006
3009
3012
3012
3017
3021
3026
3034
3034
3037
3044
3048
3052
3066
3072
3074
3083
3091
3119
3126
3129
3134
3137
3140
3147
3148
3157
3170
3187
3214
3229
3234
3236
3241
3242
3251
3254
3261
3280
3298
3299
3313
3317
3318
3324
3337
3338
3340
3348
3353
3377
3381
3386
3390
3400
3413
3415
3419
3463
3466
3472
3473
3475
3489
3490
3498
3504
3527
3562
3573
3574
3590
3597
3603
3604
3607
3615
3622
3624
3628
3640
3658
3668
3677
3684
3701
3705
3707
3728
3736
3747
3759
3763
3774
3787
3792
3810
3815
3816
3817
3836
3843
3851
3855
3876
3876
3884
3890
3894
3901
3903
3907
3919
3922
3931
3942
3952
3963
3978
3986
3991
4007
4024
4026
4031
4040
4044
4046
4046
4065
4069
4079
4081
4100
4117
4118
4125
4128
4134
4135
4137
4151
4158
4161
4164
4194
4197
4205
4214
4219
4220
4235
4241
4243
4248
4265
4269
4271
4275
4280
4287
4291
4308
4321
4325
4333
4334
4340
4344
4345
4369
4376
4390
4392
4394
4401
4404
4418
4427
4435
4442
4452
4466
4477
4478
4480
4481
4483
4485
4496
4529
4541
4558
4564
4565
4576
4585
4586
4591
4592
4597
4627
4650
4656
4660
4661
4669
4694
4699
4700
4710
4716
4720
4727
4731
4731
4732
4733
4735
4741
4780
4781
4783
4785
4790
4807
4809
4815
4834
4848
4849
4858
4861
4867
4868
4922
4925
4926
4952
4963
4967
4971
4978
4980
4985
4986
4995
5002
5030
5032
5037
5048
5050
5051
5055
5059
5071
5077
5078
5080
5080
5085
5086
5118
5123
5126
5132
5136
5138
5146
5151
5152
5153
5155
5156
5163
5166
5166
5170
5172
5190
5193
5194
5199
5209
5210
5212
5222
5223
5234
5248
5255
5285
5308
5312
5313
5326
5330
5333
5341
5350
5353
5354
5365
5366
5375
5390
5392
5400
5404
5443
5484
5487
5488
5496
5503
5528
5545
5559
5559
5560
5560
5561
5570
5571
5580
5580
5585
5591
5592
5593
5603
5624
5626
5626
5639
5649
5664
5670
5678
5684
5691
5692
5733
5738
5762
5776
5781
5784
5794
5825
5826
5833
5833
5843
5856
5859
5859
5862
5862
5877
5881
5889
5889
5892
5894
5897
5907
5917
5919
5934
5937
5945
5948
5950
5959
5966
5968
5972
5989
5995
5996
6004
6008
6014
6017
6026
6030
6037
6050
6063
6068
6082
6085
6093
6094
6096
6099
6115
6122
6122
6135
6136
6150
6169
6170
6173
6178
6180
6197
6198
6225
6238
6248
6283
6298
6308
6310
6311
6313
6319
6321
6322
6323
6335
6349
6352
6358
6363
6369
6386
6388
6389
6405
6409
6410
6414
6425
6432
6436
6439
6443
6450
6458
6463
6464
6487
6502
6508
6525
6525
6533
6543
6545
6551
6556
6563
6564
6568
6574
6586
6606
6609
6610
6615
6617
6626
6627
6635
6636
6642
6650
6656
6660
6663
6665
6680
6691
6717
6719
6721
6725
6745
6751
6755
6761
6769
6775
6787
6787
6798
6803
6805
6809
6814
6814
6820
6825
6845
6852
6861
6875
6896
6902
6902
6926
6938
6940
6953
6953
6963
6976
7001
7007
7019
7021
7028
7035
7044
7062
7084
7095
7098
7100
7102
7107
7110
7113
7115
7122
7133
7136
7144
7146
7152
7162
7163
7170
7201
7210
7211
7217
7230
7232
7246
7280
7295
7295
7299
7310
7321
7323
7325
7330
7341
7351
7381
7382
7385
7403
7406
7419
7437
7454
7462
7462
7467
7480
7487
7489
7505
7512
7539
7546
7551
7557
7582
7589
7589
7609
7615
7631
7632
7653
7655
7662
7670
7673
7678
7684
7684
7685
7692
7696
7699
7700
7715
7729
7730
7742
7743
7754
7756
7763
7774
7795
7804
7808
7810
7815
7829
7838
7838
7843
7857
7863
7890
7902
7912
7928
7933
7943
7957
7968
7972
7979
8010
8011
8020
8024
8041
8043
8049
8063
8088
8096
8103
8106
8137
8139
8142
8144
8150
8160
8162
8208
8221
8233
8239
8245
8247
8258
8270
8272
8275
8281
8283
8283
8287
8296
8304
8304
8307
8326
8363
8390
8434
8448
8468
8470
8477
8489
8493
8505
8509
8514
8518
8525
8528
8529
8564
8564
8566
8569
8570
8570
8573
8573
8594
8597
8604
8613
8626
8632
8642
8644
8655
8663
8676
8678
8688
8690
8690
8706
8709
8726
8748
8749
8757
8759
8779
8788
8795
8801
8811
8821
8823
8823
8844
8847
8847
8852
8855
8862
8865
8867
8868
8882
8893
8908
8912
8916
8919
8931
8931
8935
8936
8940
8942
8949
8949
8953
8961
8964
8981
9022
9029
9033
9040
9042
9043
9045
9059
9060
9072
9074
9086
9088
9088
9094
9102
9105
9123
9149
9168
9176
9178
9186
9205
9223
9226
9227
9228
9232
9239
9240
9255
9269
9271
9282
9299
9307
9307
9308
9310
9317
9323
9329
9334
9365
9366
9378
9386
9394
9395
9414
9420
9439
9447
9448
9452
9455
9464
9472
9472
9480
9486
9487
9512
9513
9543
9548
9561
9561
9564
9569
9570
9584
9605
9623
9647
9647
9651
9651
9660
9663
9695
9695
9709
9718
9722
9731
9740
9744
9757
9769
9770
9773
9798
9810
9811
9813
9815
9818
9821
9829
9834
9838
9842
9848
9852
9858
9860
9869
9874
9877
9884
9886
9886
9892
9894
9903
9924
9930
9935
9935
9939
9948
9967
9970
9983
9987
9990
9993
10004
10004
10009
10017
10025
10029
10033
10033
10040
10052
10053
10054
10059
10070
10071
10073
10086
10117
10163
10164
10167
10167
10171
10193
10204
10206
10210
10212
10219
10222
10227
10232
10270
10270
10282
10298
10300
10313
10319
10320
10323
10325
10348
10359
10364
10369
10371
10376
10376
10377
10382
10382
10385
10399
10400
10400
10401
10408
10416
10423
10424
10435
10436
10441
10463
10476
10490
10510
10523
10526
10527
10537
10548
10554
10564
10579
10596
10638
10643
10651
10659
10664
10677
10678
10685
10709
10711
10713
10731
10761
10762
10763
10765
10767
10767
10768
10773
10788
10788
10807
10809
10814
10827
10842
10845
10860
10872
10893
10900
10903
10928
10944
10967
10976
10977
10979
10980
10980
10992
11001
11008
11019
11020
11073
11075
11076
11088
11095
11101
11102
11117
11125
11139
11150
11160
11165
11195
11213
11233
11234
11234
11241
11242
11246
11246
11259
11267
11272
11281
11294
11311
11313
11327
11349
11352
11357
11367
11376
11377
11383
11395
11400
11403
11410
11414
11419
11422
11426
11441
11450
11451
11455
11460
11478
11478
11485
11498
11518
11518
11519
11535
11536
11540
11545
11554
11564
11564
11565
11575
11577
11581
11585
11587
11591
11596
11598
11601
11602
11607
11620
11623
11641
11657
11659
11663
11671
11675
11678
11683
11690
11698
11703
11711
11716
11717
11722
11725
11728
11734
11753
11753
11755
11768
11769
11773
11777
11782
11790
11791
11806
11806
11813
11813
11818
11823
11827
11840
11852
11857
11867
11867
11887
11894
11895
11902
11903
11906
11909
11928
11928
11929
11937
11951
11952
11969
11970
11989
12010
12030
12032
12032
12036
12037
12050
12065
12075
12075
12076
12086
12095
12110
12122
12126
12143
12144
12145
12152
12156
12173
12184
12187
12189
12191
12191
12198
12206
12236
12248
12249
12259
12267
12272
12276
12287
12289
12297
12308
12314
12323
12323
12335
12340
12354
12357
12367
12368
12376
12377
12378
12388
12394
12401
12402
12420
12420
12437
12441
12463
12482
12486
12493
12507
12519
12532
12543
12549
12550
12551
12564
12571
12577
12583
12595
12599
12603
12606
12610
12613
12614
12630
12646
12650
12653
12662
12673
12680
12690
12702
12705
12705
12706
12706
12711
12769
12779
12795
12796
12807
12829
12829
12831
12835
12837
12847
12852
12864
12870
12882
12887
12898
12899
12900
12904
12906
12908
12910
12958
12971
12978
12979
12986
12992
12995
13010
13015
13021
13027
13035
13035
13037
13046
13060
13063
13066
13080
13088
13089
13094
13095
13127
13128
13130
13142
13143
13148
13151
13176
13187
13204
13208
13210
13225
13242
13264
13295
13295
13295
13297
13312
13313
13322
13322
13324
13362
13362
13369
13370
13396
13403
13421
13431
13435
13444
13449
13467
13468
13468
13469
13481
13489
13498
13499
13503
13537
13541
13543
13548
13549
13561
13567
13569
13584
13584
13606
13618
13627
13628
13642
13643
13646
13665
13672
13675
13676
13678
13682
13682
13697
13701
13716
13727
13734
13734
13749
13753
13775
13778
13780
13780
13789
13794
13806
13807
13809
13812
13816
13831
13835
13847
13847
13849
13850
13853
13856
13859
13872
13878
13885
13887
13898
13901
13902
13904
13907
13910
13922
13925
13947
13957
13981
13986
13986
13991
14003
14006
14018
14025
14027
14030
14038
14044
14049
14050
14063
14072
14078
14086
14093
14098
14116
14123
14169
14171
14177
14181
14181
14183
14194
14211
14215
14236
14241
14269
14272
14285
14287
14287
14298
14305
14319
14326
14338
14342
14344
14361
14395
14412
14413
14416
14419
14422
14431
14452
14456
14468
14473
14475
14493
14508
14510
14527
14533
14534
14538
14544
14545
14588
14591
14605
14630
14631
14646
14661
14678
14686
14701
14702
14708
14710
14711
14715
14733
14737
14738
14742
14749
14760
14765
14767
14782
14795
14814
14821
14830
14834
14841
14844
14846
14855
14871
14876
14877
14881
14883
14898
14900
14909
14915
14920
14935
14950
14969
14975
14980
14986
14990
14990
15004
15007
15014
15017
15037
15046
15049
15066
15066
15071
15076
15078
15079
15120
15124
15140
15140
15146
15155
15162
15175
15187
15191
15204
15207
15217
15229
15243
15244
15249
15257
15257
15271
15282
15282
15285
15290
15347
15349
15349
15355
15366
15368
15380
15381
15396
15406
15406
15410
15415
15415
15429
15442
15448
15448
15473
15495
15504
15511
15518
15520
15525
15549
15554
15557
15564
15566
15571
15585
15598
15608
15632
15644
15655
15664
15664
15667
15677
15685
15691
15698
15698
15704
15717
15735
15738
15742
15750
15755
15759
15765
15770
15771
15776
15778
15784
15788
15790
15809
15809
15816
15817
15818
15822
15829
15890
15893
15916
15917
15926
15927
15930
15938
15940
15943
15953
15968
15995
16002
16018
16022
16024
16026
16033
16034
16047
16063
16064
16068
16085
16095
16098
16116
16130
16130
16134
16141
16146
16160
16178
16178
16180
16192
16215
16222
16230
16250
16258
16299
16303
16306
16306
16315
16328
16332
16338
16353
16356
16364
16366
16379
16379
16384
16391
16398
16415
16432
16461
16473
16475
16490
16495
16496
16517
16533
16536
16543
16569
16587
16590
16596
16604
16608
16611
16611
16613
16619
16628
16636
16642
16649
16666
16675
16682
16682
16694
16696
16699
16700
16718
16721
16723
16726
16726
16728
16728
16757
16766
16770
16776
16792
16797
16798
16826
16827
16829
16835
16849
16861
16863
16867
16883
16890
16892
16893
16897
16913
16913
16921
16925
16939
16948
16956
16976
16986
16991
16995
16998
17005
17019
17023
17024
17036
17065
17067
17072
17075
17085
17086
17091
17094
17098
17112
17119
17128
17153
17159
17175
17176
17195
17204
17209
17212
17213
17234
17236
17261
17268
17283
17301
17308
17320
17350
17361
17365
17367
17374
17376
17398
17399
17421
17430
17438
17440
17440
17442
17453
17466
17468
17469
17471
17471
17474
17483
17484
17493
17494
17504
17544
17544
17557
17584
17640
17653
17665
17667
17681
17689
17695
17698
17722
17725
17729
17754
17761
17768
17785
17788
17794
17799
17800
17803
17816
17828
17832
17834
17835
17847
17849
17853
17863
17865
17874
17882
17882
17886
17889
17893
17893
17904
17916
17942
17957
17962
17967
17967
17980
17984
18006
18008
18013
18014
18036
18061
18072
18077
18083
18112
18113
18113
18116
18116
18117
18136
18142
18152
18162
18168
18171
18172
18181
18198
18205
18212
18227
18228
18230
18233
18233
18244
18253
18255
18256
18258
18261
18265
18269
18271
18272
18291
18308
18308
18319
18324
18344
18360
18374
18390
18392
18397
18426
18435
18437
18455
18456
18470
18472
18474
18481
18485
18490
18498
18509
18528
18529
18530
18534
18534
18541
18544
18548
18557
18560
18561
18581
18583
18584
18587
18591
18592
18613
18622
18623
18631
18631
18635
18643
18667
18675
18679
18741
18743
18755
18766
18774
18776
18777
18778
18785
18789
18789
18799
18804
18817
18825
18830
18831
18853
18867
18876
18889
18889
18890
18895
18898
18914
18918
18926
18937
18940
18947
18957
18957
18985
19018
19026
19040
19048
19072
19073
19073
19080
19083
19103
19110
19125
19128
19129
19130
19136
19146
19184
19195
19198
19202
19213
19216
19226
19237
19239
19243
19243
19250
19254
19279
19282
19288
19323
19324
19336
19341
19349
19352
19354
19358
19361
19361
19368
19372
19373
19378
19381
19382
19384
19390
19400
19403
19406
19407
19407
19421
19426
19428
19437
19452
19454
19461
19462
19468
19470
19471
19484
19496
19500
19501
19503
19503
19504
19509
19513
19513
19514
19524
19564
19566
19573
19583
19585
19588
19590
19590
19593
19602
19608
19617
19618
19636
19645
19657
19661
19676
19692
19692
19699
19714
19715
19723
19752
19765
19771
19778
19787
19794
19802
19807
19828
19834
19855
19857
19857
19858
19862
19862
19875
19889
19899
19900
19911
19913
19919
19923
19938
19955
19956
19957
19970
19971
19978
19984
19987
19991
20003
20012
20012
20017
20024
20028
20040
20051
20058
20071
20073
20074
20082
20103
20104
20110
20121
20130
20131
20139
20148
20148
20151
20163
20170
20175
20176
20179
20184
20186
20188
20189
20203
20222
20243
20247
20266
20269
20276
20281
20285
20290
20293
20301
20302
20305
20311
20333
20336
20339
20340
20360
20383
20396
20413
20427
20432
20434
20440
20465
20468
20468
20468
20470
20475
20478
20483
20486
20518
20520
20521
20524
20528
20542
20570
20585
20591
20604
20615
20615
20618
20619
20625
20629
20630
20645
20651
20654
20675
20684
20685
20690
20702
20705
20710
20719
20720
20721
20723
20727
20750
20750
20764
20768
20773
20779
20781
20787
20797
20809
20824
20835
20836
20843
20854
20865
20874
20882
20885
20889
20893
20908
20910
20942
20947
20948
20967
20973
20978
21013
21015
21017
21025
21028
21030
21034
21061
21063
21079
21082
21089
21112
21121
21121
21138
21139
21143
21152
21154
21167
21205
21231
21247
21258
21259
21286
21286
21293
21300
21306
21307
21311
21328
21335
21369
21383
21389
21390
21392
21394
21394
21405
21405
21413
21424
21432
21432
21448
21460
21476
21484
21487
21493
21493
21496
21502
21514
21520
21539
21541
21554
21568
21576
21588
21592
21596
21607
21612
21612
21619
21620
21631
21670
21671
21671
21675
21688
21708
21709
21710
21712
21737
21739
21741
21742
21757
21780
21791
21804
21807
21810
21821
21828
21853
21854
21854
21855
21870
21872
21885
21913
21933
21934
21937
21942
21944
21947
21948
21949
21958
21967
21977
22005
22016
22020
22030
22031
22033
22034
22036
22037
22040
22041
22044
22044
22050
22057
22064
22068
22083
22091
22095
22095
22101
22104
22105
22105
22109
22109
22114
22130
22134
22138
22142
22150
22168
22170
22178
22182
22183
22186
22187
22191
22208
22223
22224
22246
22251
22282
22282
22293
22294
22297
22297
22299
22308
22313
22320
22327
22329
22356
22360
22372
22378
22381
22388
22396
22402
22405
22409
22410
22415
22425
22434
22465
22486
22489
22489
22491
22515
22518
22519
22521
22524
22535
22552
22563
22568
22575
22582
22583
22598
22604
22637
22650
22664
22666
22668
22670
22676
22678
22694
22698
22701
22702
22717
22727
22739
22756
22759
22770
22771
22775
22789
22792
22806
22812
22812
22875
22899
22907
22921
22928
22937
22938
22969
23038
23041
23043
23044
23058
23060
23061
23066
23072
23084
23091
23093
23101
23102
23117
23118
23119
23124
23125
23130
23131
23146
23166
23166
23175
23188
23192
23219
23222
23226
23229
23237
23237
23241
23245
23253
23253
23255
23261
23267
23277
23279
23313
23321
23333
23341
23342
23355
23370
23372
23373
23376
23377
23387
23388
23397
23397
23399
23404
23413
23420
23420
23420
23424
23430
23462
23478
23481
23482
23487
23494
23499
23504
23525
23538
23542
23552
23568
23579
23583
23586
23609
23616
23616
23618
23630
23643
23646
23648
23649
23649
23663
23669
23682
23685
23690
23691
23698
23709
23731
23742
23748
23749
23752
23769
23776
23795
23805
23817
23835
23835
23835
23843
23850
23854
23863
23863
23873
23882
23887
23890
23893
23905
23932
23934
23937
23940
23953
23957
23960
23976
23986
23992
23996
24006
24012
24014
24027
24032
24042
24042
24056
24058
24059
24070
24071
24078
24095
24096
24108
24109
24110
24113
24116
24119
24120
24125
24127
24139
24142
24148
24153
24170
24182
24187
24225
24243
24244
24248
24248
24248
24274
24276
24278
24289
24304
24309
24321
24324
24336
24344
24350
24376
24392
24394
24396
24406
24434
24437
24450
24460
24461
24464
24479
24487
24488
24491
24516
24518
24525
24535
24552
24557
24563
24573
24598
24606
24608
24614
24624
24642
24650
24650
24656
24657
24658
24660
24673
24732
24757
24767
24776
24778
24792
24795
24806
24806
24815
24831
24833
24839
24843
24843
24848
24858
24860
24863
24866
24866
24867
24869
24871
24883
24896
24897
24905
24905
24923
24925
24934
24941
24954
24965
24968
24971
24985
24997
25001
25008
25022
25034
25053
25058
25059
25063
25069
25077
25086
25089
25090
25113
25116
25135
25135
25143
25151
25168
25177
25178
25182
25202
25214
25218
25222
25256
25261
25265
25269
25271
25274
25283
25283
25295
25299
25319
25350
25356
25366
25371
25372
25375
25376
25380
25389
25390
25398
25398
25399
25400
25420
25422
25430
25431
25439
25440
25450
25453
25461
25473
25477
25479
25483
25497
25502
25509
25515
25519
25533
25533
25546
25555
25559
25561
25567
25567
25591
25596
25611
25612
25621
25636
25636
25640
25640
25643
25648
25651
25653
25654
25667
25668
25670
25675
25691
25697
25721
25724
25733
25754
25780
25788
25811
25816
25824
25826
25835
25845
25847
25866
25871
25873
25883
25897
25906
25909
25922
25923
25932
25940
25944
25949
25950
25963
25994
26009
26021
26035
26043
26065
26070
26074
26083
26106
26107
26112
26114
26114
26117
26117
26119
26130
26142
26151
26157
26159
26166
26169
26170
26174
26179
26180
26184
26206
26215
26221
26265
26272
26275
26279
26289
26289
26290
26295
26315
26317
26319
26336
26338
26341
26351
26354
26361
26372
26378
26379
26390
26426
26426
26428
26430
26431
26451
26456
26457
26457
26478
26483
26494
26499
26505
26508
26512
26523
26538
26543
26544
26547
26569
26572
26579
26585
26590
26592
26596
26598
26602
26604
26609
26620
26626
26629
26630
26680
26681
26686
26687
26688
26690
26693
26706
26708
26712
26717
26725
26729
26753
26758
26786
26790
26798
26803
26805
26811
26814
26817
26819
26829
26836
26848
26859
26867
26884
26884
26894
26907
26925
26932
26937
26940
26957
26981
26986
26989
27021
27033
27037
27067
27083
27091
27092
27096
27099
27118
27131
27157
27157
27168
27169
27178
27196
27201
27201
27202
27203
27206
27222
27225
27227
27229
27243
27247
27250
27254
27255
27265
27289
27312
27347
27349
27351
27358
27365
27373
27379
27409
27417
27418
27423
27436
27440
27447
27456
27483
27493
27505
27507
27526
27527
27554
27558
27559
27568
27572
27577
27592
27598
27600
27611
27615
27633
27646
27682
27694
27697
27700
27726
27728
27734
27738
27751
27758
27759
27759
27764
27764
27767
27774
27776
27784
27800
27803
27805
27815
27818
27846
27859
27860
27860
27872
27893
27901
27907
27915
27921
27925
27934
27935
27939
27941
27942
27943
27945
27961
27964
27971
27975
27980
27985
27986
27992
28003
28012
28013
28021
28027
28033
28040
28043
28064
28069
28075
28075
28086
28090
28090
28104
28114
28115
28121
28125
28132
28150
28183
28186
28186
28188
28197
28199
28210
28211
28213
28214
28218
28231
28242
28245
28254
28261
28275
28284
28285
28285
28286
28288
28289
28291
28291
28300
28307
28332
28332
28347
28350
28350
28358
28361
28363
28367
28371
28379
28392
28395
28408
28409
28417
28421
28436
28438
28445
28446
28446
28471
28472
28480
28484
28500
28500
28507
28520
28525
28535
28544
28547
28552
28556
28557
28560
28563
28564
28564
28588
28591
28595
28601
28604
28611
28611
28615
28617
28621
28635
28655
28657
28657
28682
28703
28703
28705
28706
28712
28714
28719
28720
28724
28728
28732
28754
28757
28771
28772
28783
28790
28798
28802
28811
28818
28835
28868
28871
28872
28880
28888
28888
28894
28906
28912
28916
28928
28931
28956
28961
28966
28966
28974
28981
28993
28998
29000
29002
29014
29031
29037
29038
29055
29072
29074
29077
29098
29098
29100
29114
29129
29138
29142
29144
29151
29151
29152
29199
29200
29214
29217
29218
29219
29219
29220
29222
29227
29229
29254
29270
29274
29279
29281
29291
29295
29300
29305
29310
29311
29313
29314
29324
29328
29328
29333
29336
29348
29352
29380
29393
29408
29408
29411
29420
29437
29440
29440
29456
29463
29468
29492
29492
29503
29515
29526
29533
29541
29545
29550
29565
29582
29594
29597
29625
29627
29630
29643
29668
29704
29708
29713
29725
29732
29736
29740
29741
29752
29756
29762
29769
29770
29779
29792
29802
29822
29843
29856
29898
29926
29944
29945
29956
29970
29972
29975
29991
29994
30002
30005
30013
30023
30024
30033
30041
30108
30112
30116
30141
30156
30157
30157
30159
30170
30188
30191
30193
30196
30201
30206
30213
30221
30233
30241
30249
30252
30254
30269
30277
30279
30293
30304
30307
30310
30324
30327
30334
30343
30355
30374
30377
30381
30382
30388
30394
30411
30430
30432
30434
30438
30440
30444
30457
30479
30484
30501
30514
30519
30547
30547
30556
30569
30583
30596
30599
30606
30615
30623
30623
30628
30640
30644
30657
30664
30669
30673
30686
30687
30697
30710
30710
30720
30728
30728
30735
30740
30744
30752
30764
30815
30822
30853
30856
30862
30866
30873
30880
30882
30895
30898
30900
30903
30907
30915
30917
30933
30934
30952
30956
30958
30967
30970
30973
30973
30977
30979
30986
30991
30991
30994
31003
31007
31007
31014
31021
31028
31031
31044
31046
31052
31053
31060
31078
31083
31097
31112
31113
31117
31128
31138
31156
31159
31168
31175
31199
31258
31265
31291
31292
31305
31305
31325
31349
31366
31388
31391
31393
31398
31404
31415
31419
31419
31426
31427
31428
31429
31449
31461
31467
31470
31473
31477
31481
31490
31491
31504
31515
31517
31524
31527
31533
31533
31540
31553
31562
31563
31571
31575
31581
31606
31613
31615
31619
31626
31642
31643
31647
31649
31671
31674
31676
31680
31683
31685
31701
31708
31729
31735
31747
31762
31762
31770
31774
31776
31783
31810
31817
31817
31827
31836
31843
31844
31845
31851
31854
31857
31871
31883
31893
31908
31914
31915
31943
31950
31953
31962
31964
31973
31985
31995
31995
31997
31999
32008
32020
32026
32036
32044
32045
32052
32056
32058
32071
32083
32085
32105
32107
32107
32122
32145
32168
32176
32180
32184
32185
32186
32192
32193
32203
32211
32219
32228
32237
32263
32264
32280
32296
32303
32315
32316
32332
32335
32345
32349
32355
32362
32375
32380
32381
32384
32385
32386
32390
32396
32398
32400
32415
32431
32433
32441
32455
32458
32463
32465
32467
32474
32479
32492
32492
32494
32498
32526
32531
32533
32549
32554
32557
32561
32568
32577
32583
32586
32590
32593
32598
32616
32618
32641
32660
32660
32661
32667
32668
32674
32677
32687
32697
32724
32729
32733
32738
32759
32765
32768
32777
32784
32786
32788
32790
32794
32815
32819
32821
32831
32872
32876
32880
32912
32930
32930
32930
32931
32931
32952
32972
32979
32988
32997
33016
33022
33024
33034
33040
33043
33051
33062
33066
33074
33080
33090
33101
33106
33106
33107
33109
33117
33124
33133
33138
33143
33180
33180
33196
33197
33229
33243
33268
33272
33289
33302
33333
33366
33369
33372
33377
33381
33385
33386
33387
33388
33401
33419
33420
33451
33472
33477
33490
33501
33519
33522
33528
33528
33542
33542
33550
33552
33560
33562
33566
33584
33585
33586
33599
33603
33605
33605
33607
33619
33621
33631
33640
33640
33653
33670
33679
33691
33715
33729
33736
33739
33750
33763
33771
33773
33778
33779
33789
33792
33800
33806
33810
33814
33833
33838
33846
33863
33868
33868
33871
33885
33891
33894
33897
33900
33901
33902
33913
33928
33959
33964
33965
33974
33978
33984
33986
33997
34008
34010
34011
34012
34017
34019
34023
34038
34039
34042
34070
34081
34096
34098
34111
34120
34134
34146
34155
34158
34162
34164
34164
34166
34189
34196
34207
34218
34219
34220
34233
34240
34241
34249
34250
34252
34252
34281
34290
34298
34304
34313
34315
34324
34327
34331
34349
34354
34355
34357
34364
34375
34375
34390
34408
34414
34417
34443
34447
34452
34452
34453
34460
34463
34470
34470
34516
34518
34526
34540
34541
34549
34554
34556
34561
34562
34580
34608
34613
34616
34624
34637
34642
34643
34676
34677
34690
34719
34722
34727
34762
34765
34765
34769
34772
34781
34790
34794
34798
34803
34816
34816
34818
34825
34830
34832
34852
34861
34863
34877
34885
34886
34897
34915
34919
34919
34920
34922
34923
34929
34932
34936
34947
34948
34949
34950
34955
34959
34970
34971
34974
34975
34976
34991
34993
34993
34994
35002
35027
35044
35055
35062
35074
35092
35094
35098
35099
35129
35141
35146
35150
35153
35160
35164
35166
35168
35172
35192
35202
35203
35210
35216
35232
35236
35239
35239
35246
35263
35272
35288
35297
35299
35304
35305
35319
35320
35321
35338
35338
35341
35344
35348
35379
35387
35387
35392
35396
35433
35437
35443
35447
35451
35452
35462
35489
35505
35510
35512
35538
35543
35552
35554
35567
35580
35586
35586
35615
35624
35631
35651
35684
35685
35686
35704
35708
35718
35721
35730
35740
35742
35748
35749
35753
35760
35760
35768
35780
35798
35804
35837
35838
35839
35849
35852
35858
35859
35863
35865
35873
35879
35921
35923
35927
35937
35941
35942
35948
35950
35955
35968
35975
35979
36009
36018
36034
36040
36045
36054
36057
36077
36077
36081
36087
36108
36130
36131
36142
36146
36150
36158
36168
36173
36210
36211
36213
36226
36240
36241
36257
36261
36272
36282
36292
36303
36313
36315
36315
36315
36322
36335
36373
36377
36396
36403
36406
36410
36410
36410
36413
36435
36436
36446
36462
36463
36468
36468
36471
36481
36481
36482
36503
36507
36536
36548
36569
36580
36590
36595
36608
36611
36621
36624
36625
36657
36673
36673
36682
36685
36694
36696
36729
36732
36735
36735
36738
36738
36750
36759
36763
36774
36786
36792
36792
36792
36799
36802
36820
36829
36836
36854
36855
36857
36861
36874
36879
36914
36916
36916
36942
36953
36969
36986
37000
37000
37001
37010
37025
37025
37033
37042
37052
37057
37068
37071
37074
37082
37084
37089
37104
37106
37109
37121
37123
37126
37130
37143
37166
37197
37209
37210
37219
37230
37232
37246
37258
37258
37269
37272
37273
37277
37277
37279
37281
37282
37287
37287
37314
37317
37328
37332
37334
37336
37340
37346
37347
37351
37357
37357
37362
37366
37374
37375
37396
37409
37415
37440
37461
37468
37491
37521
37524
37536
37540
37553
37566
37569
37570
37576
37590
37597
37600
37605
37605
37621
37636
37642
37645
37645
37651
37657
37662
37666
37675
37679
37688
37689
37694
37702
37706
37710
37725
37732
37765
37766
37768
37776
37778
37793
37796
37822
37834
37842
37848
37848
37852
37863
37877
37881
37884
37892
37907
37915
37938
37938
37939
37952
37954
37974
37984
37991
38011
38067
38085
38108
38122
38126
38132
38143
38152
38160
38162
38166
38196
38200
38208
38213
38213
38236
38240
38242
38250
38250
38256
38258
38263
38273
38283
38292
38293
38296
38301
38317
38322
38331
38344
38356
38357
38363
38364
38365
38365
38370
38392
38395
38423
38440
38457
38461
38473
38474
38487
38499
38514
38517
38520
38521
38542
38547
38548
38553
38553
38563
38571
38576
38576
38585
38589
38614
38618
38633
38647
38654
38655
38657
38658
38678
38687
38716
38725
38730
38735
38760
38760
38763
38765
38775
38785
38789
38791
38795
38800
38804
38807
38818
38822
38842
38846
38858
38866
38879
38882
38884
38885
38887
38892
38901
38919
38921
38926
38926
38927
38928
38928
38939
38949
38950
38958
38995
39002
39006
39006
39040
39046
39053
39054
39056
39059
39059
39061
39065
39069
39075
39079
39080
39083
39085
39089
39107
39119
39128
39130
39143
39150
39155
39158
39168
39179
39180
39185
39190
39198
39199
39210
39211
39212
39219
39225
39241
39247
39280
39290
39290
39317
39318
39329
39337
39347
39351
39369
39373
39378
39386
39409
39424
39433
39447
39459
39460
39463
39488
39501
39524
39533
39544
39546
39548
39559
39562
39563
39592
39600
39603
39611
39612
39618
39623
39646
39647
39666
39666
39672
39675
39679
39687
39692
39713
39722
39735
39748
39760
39763
39765
39775
39777
39784
39786
39793
39797
39798
39806
39818
39831
39846
39847
39850
39868
39898
39906
39911
39919
39927
39931
39935
39939
39941
39941
39944
39951
39960
39962
39973
39974
39999
40000
40025
40025
40031
40037
40038
40038
40051
40055
40061
40091
40091
40095
40098
40110
40116
40117
40145
40149
40159
40170
40172
40175
40181
40190
40219
40223
40233
40233
40242
40251
40254
40256
40261
40263
40263
40264
40274
40277
40280
40295
40306
40307
40307
40316
40318
40324
40330
40330
40339
40351
40351
40370
40370
40374
40377
40396
40397
40405
40407
40407
40412
40413
40418
40421
40430
40433
40438
40454
40457
40468
40487
40487
40493
40504
40518
40530
40531
40555
40557
40559
40560
40570
40571
40573
40576
40579
40582
40584
40594
40595
40603
40605
40606
40620
40621
40641
40643
40645
40648
40649
40652
40654
40655
40657
40658
40668
40675
40681
40698
40705
40711
40717
40722
40733
40737
40740
40743
40749
40753
40760
40768
40777
40802
40811
40812
40813
40823
40829
40830
40832
40834
40861
40862
40862
40885
40915
40921
40925
40925
40931
40934
40961
40968
40974
40976
40983
40989
40993
41017
41032
41040
41047
41063
41063
41069
41072
41082
41083
41127
41130
41133
41145
41151
41160
41162
41164
41172
41177
41188
41191
41198
41199
41205
41206
41216
41222
41235
41237
41237
41240
41252
41253
41260
41265
41268
41273
41273
41277
41286
41287
41295
41310
41325
41329
41343
41344
41348
41351
41363
41373
41376
41384
41407
41421
41423
41438
41451
41453
41478
41481
41485
41492
41506
41508
41513
41553
41555
41566
41579
41591
41591
41594
41599
41599
41601
41604
41604
41609
41616
41633
41636
41642
41652
41653
41663
41675
41700
41712
41718
41722
41730
41736
41748
41751
41768
41784
41785
41789
41796
41802
41809
41825
41843
41854
41857
41858
41866
41906
41937
41942
41949
41953
41972
41975
41975
41980
42004
42005
42005
42029
42045
42060
42071
42072
42073
42078
42082
42087
42095
42096
42108
42115
42118
42125
42139
42141
42146
42149
42151
42158
42168
42170
42174
42178
42192
42193
42198
42200
42201
42203
42231
42235
42235
42238
42242
42247
42248
42249
42257
42271
42272
42276
42278
42300
42311
42313
42318
42337
42343
42343
42349
42356
42359
42363
42369
42372
42372
42374
42378
42386
42397
42403
42406
42407
42416
42429
42434
42490
42499
42499
42507
42514
42515
42520
42527
42528
42528
42533
42535
42550
42575
42587
42588
42598
42599
42601
42607
42614
42621
42633
42636
42636
42647
42651
42652
42675
42678
42691
42698
42704
42706
42713
42713
42715
42716
42716
42737
42756
42777
42782
42788
42790
42790
42792
42805
42806
42811
42824
42830
42830
42847
42849
42858
42864
42865
42874
42882
42884
42885
42893
42929
42931
42936
42959
42959
42960
42977
42982
42998
43002
43021
43026
43028
43034
43040
43044
43045
43055
43062
43083
43096
43102
43103
43129
43138
43139
43149
43153
43158
43178
43227
43239
43243
43245
43265
43267
43278
43323
43346
43355
43371
43395
43407
43417
43417
43420
43431
43432
43434
43437
43437
43449
43456
43458
43462
43483
43503
43505
43528
43537
43548
43549
43552
43557
43561
43585
43589
43596
43600
43608
43612
43622
43624
43626
43627
43633
43646
43648
43659
43706
43715
43718
43759
43762
43764
43772
43773
43798
43820
43838
43842
43843
43845
43857
43859
43861
43865
43866
43892
43899
43904
43911
43913
43914
43925
43925
43927
43931
43945
43952
43959
43974
43978
43979
43986
43988
43995
44010
44021
44025
44025
44025
44040
44055
44070
44076
44085
44089
44097
44104
44104
44110
44117
44123
44136
44152
44153
44154
44163
44166
44174
44188
44211
44215
44222
44223
44224
44228
44229
44236
44240
44240
44253
44265
44266
44282
44286
44288
44299
44305
44310
44317
44321
44330
44335
44342
44344
44346
44346
44356
44360
44367
44379
44381
44386
44400
44401
44408
44417
44419
44428
44437
44446
44449
44456
44486
44491
44493
44496
44497
44502
44509
44512
44514
44523
44529
44540
44546
44580
44585
44592
44595
44603
44612
44618
44619
44619
44620
44633
44634
44634
44644
44646
44660
44667
44683
44700
44710
44711
44711
44748
44775
44777
44780
44810
44813
44822
44829
44839
44841
44841
44843
44863
44866
44869
44874
44874
44886
44891
44897
44900
44900
44908
44914
44931
44932
44939
44961
44962
44962
44968
44970
44979
44980
44982
44985
44989
44996
45004
45027
45040
45043
45048
45051
45061
45084
45090
45110
45111
45113
45113
45122
45130
45152
45171
45174
45188
45191
45195
45212
45229
45231
45239
45266
45266
45274
45282
45284
45290
45297
45303
45305
45314
45329
45334
45360
45367
45378
45380
45411
45431
45431
45432
45440
45443
45444
45459
45462
45475
45486
45499
45518
45523
45526
45543
45557
45566
45567
45585
45596
45601
45604
45606
45612
45623
45626
45628
45632
45634
45635
45640
45649
45649
45649
45652
45665
45682
45684
45693
45696
45704
45708
45709
45716
45728
45735
45746
45747
45751
45754
45770
45776
45779
45781
45807
45830
45842
45844
45847
45848
45851
45855
45860
45865
45888
45889
45914
45930
45935
45938
45940
45949
45951
45959
45959
45963
45975
45983
45988
46003
46011
46027
46029
46029
46034
46034
46035
46070
46074
46079
46082
46082
46104
46113
46115
46118
46125
46126
46130
46134
46152
46170
46185
46192
46204
46209
46213
46258
46259
46264
46283
46284
46293
46310
46326
46327
46332
46337
46337
46343
46356
46361
46400
46432
46437
46439
46458
46461
46477
46480
46486
46494
46498
46503
46504
46505
46513
46534
46540
46543
46556
46568
46569
46570
46573
46607
46616
46618
46629
46631
46640
46662
46684
46691
46692
46704
46723
46733
46734
46742
46745
46747
46751
46754
46760
46763
46763
46764
46766
46775
46799
46800
46801
46812
46832
46837
46847
46850
46851
46852
46853
46885
46887
46901
46905
46909
46913
46921
46927
46970
46974
46982
46995
47000
47001
47002
47016
47021
47030
47050
47060
47065
47066
47068
47078
47103
47104
47105
47133
47138
47146
47152
47157
47174
47176
47181
47189
47192
47194
47238
47241
47251
47256
47258
47258
47265
47266
47270
47272
47281
47295
47299
47304
47306
47311
47312
47340
47344
47346
47381
47387
47402
47412
47417
47420
47461
47480
47486
47503
47508
47525
47526
47528
47540
47540
47543
47545
47545
47558
47569
47571
47573
47579
47592
47594
47624
47624
47637
47642
47643
47677
47682
47690
47703
47707
47712
47716
47717
47718
47742
47747
47750
47764
47768
47779
47784
47784
47787
47794
47795
47795
47797
47802
47807
47815
47834
47836
47838
47843
47848
47855
47857
47861
47868
47871
47879
47879
47887
47889
47890
47891
47907
47974
47977
47980
47990
47997
48012
48014
48023
48026
48039
48043
48044
48046
48051
48058
48067
48077
48092
48094
48094
48103
48119
48124
48154
48154
48159
48159
48179
48184
48187
48192
48201
48218
48225
48229
48232
48236
48255
48257
48262
48272
48305
48310
48323
48333
48340
48345
48350
48357
48368
48374
48381
48391
48394
48404
48415
48417
48423
48427
48435
48437
48445
48455
48484
48493
48494
48498
48505
48505
48505
48530
48539
48545
48562
48567
48570
48585
48591
48592
48605
48610
48612
48612
48615
48618
48632
48646
48657
48669
48675
48682
48690
48711
48737
48741
48754
48765
48768
48772
48773
48778
48799
48823
48828
48830
48834
48835
48838
48854
48854
48860
48860
48861
48862
48871
48879
48885
48885
48890
48890
48892
48902
48910
48921
48941
48942
48949
48956
48964
48969
49005
49016
49033
49041
49041
49058
49072
49080
49092
49098
49103
49105
49111
49114
49117
49118
49127
49132
49132
49145
49147
49158
49172
49176
49177
49210
49222
49228
49237
49238
49263
49271
49281
49286
49287
49289
49292
49303
49315
49318
49319
49321
49322
49322
49335
49337
49344
49349
49355
49360
49362
49369
49376
49377
49382
49391
49392
49398
49406
49407
49421
49439
49442
49448
49448
49461
49491
49495
49502
49513
49513
49517
49523
49526
49536
49536
49548
49561
49562
49564
49580
49585
49605
49605
49619
49627
49630
49634
49648
49650
49651
49657
49661
49664
49674
49682
49712
49715
49727
49735
49737
49745
49764
49767
49785
49789
49799
49822
49834
49837
49871
49873
49876
49881
49884
49900
49902
49902
49911
49921
49921
49937
49944
49960
49974
49981
50000
50003
50014
50015
50028
50039
50039
50041
50046
50052
50058
50068
50074
50075
50082
50097
50105
50123
50133
50140
50148
50157
50160
50167
50168
50170
50186
50201
50203
50240
50240
50261
50285
50297
50300
50305
50316
50317
50321
50326
50335
50344
50372
50380
50390
50394
50404
50407
50419
50426
50439
50454
50463
50465
50465
50484
50503
50506
50512
50520
50550
50555
50571
50598
50601
50608
50610
50613
50617
50621
50623
50628
50630
50637
50639
50641
50641
50642
50649
50665
50691
50715
50721
50728
50728
50734
50741
50753
50763
50764
50771
50774
50784
50792
50805
50817
50823
50838
50845
50860
50865
50866
50877
50877
50880
50883
50893
50894
50901
50903
50907
50914
50917
50921
50930
50934
50935
50940
50940
50952
50958
50974
50978
50983
50987
50994
50995
50996
51003
51008
51008
51025
51042
51054
51057
51069
51069
51085
51097
51110
51118
51128
51133
51136
51144
51154
51203
51207
51227
51228
51258
51260
51261
51267
51285
51289
51295
51304
51325
51336
51341
51358
51360
51363
51368
51393
51397
51412
51414
51420
51436
51440
51451
51457
51457
51487
51487
51490
51491
51503
51508
51509
51516
51522
51523
51535
51539
51539
51558
51567
51573
51576
51578
51580
51585
51586
51599
51608
51611
51622
51636
51642
51653
51663
51680
51701
51704
51708
51720
51730
51734
51737
51744
51754
51764
51776
51794
51799
51804
51807
51818
51822
51823
51823
51832
51833
51843
51844
51857
51857
51873
51889
51907
51918
51922
51926
51930
51932
51934
51937
51951
51983
51984
51990
51992
51996
51999
52003
52004
52015
52016
52020
52032
52037
52050
52058
52088
52090
52092
52113
52119
52125
52125
52138
52144
52148
52154
52156
52162
52170
52172
52182
52190
52195
52215
52228
52230
52234
52235
52235
52251
52251
52252
52274
52274
52284
52292
52298
52312
52318
52323
52328
52333
52340
52354
52355
52368
52368
52377
52381
52385
52390
52397
52402
52411
52417
52435
52468
52472
52472
52474
52478
52497
52498
52499
52506
52526
52534
52537
52563
52569
52576
52589
52621
52630
52655
52671
52679
52681
52682
52683
52686
52692
52701
52712
52733
52736
52746
52755
52762
52789
52797
52797
52823
52827
52844
52846
52850
52859
52862
52867
52868
52872
52873
52889
52890
52891
52905
52910
52913
52919
52922
52922
52945
52959
52978
52986
52993
52997
52999
53027
53045
53053
53056
53057
53062
53062
53063
53066
53067
53081
53095
53112
53113
53119
53124
53125
53128
53133
53136
53146
53164
53167
53172
53189
53192
53206
53209
53224
53230
53235
53239
53239
53253
53269
53290
53292
53293
53298
53302
53307
53309
53318
53323
53330
53331
53341
53367
53369
53375
53377
53396
53410
53411
53415
53424
53436
53441
53452
53472
53474
53477
53489
53493
53498
53508
53508
53529
53541
53552
53555
53575
53586
53591
53603
53604
53604
53607
53611
53619
53635
53641
53643
53649
53653
53653
53655
53662
53668
53672
53675
53682
53684
53686
53687
53695
53701
53702
53713
53715
53721
53746
53747
53760
53770
53771
53772
53773
53782
53785
53797
53803
53819
53823
53830
53842
53858
53862
53873
53875
53877
53881
53886
53916
53918
53921
53931
53944
53949
53959
53976
53980
53982
53990
54012
54021
54026
54032
54035
54037
54039
54044
54064
54085
54090
54103
54119
54138
54169
54170
54175
54195
54199
54220
54228
54252
54265
54267
54275
54288
54296
54307
54313
54325
54333
54338
54348
54350
54354
54378
54387
54388
54396
54396
54403
54408
54437
54444
54446
54448
54456
54467
54477
54478
54482
54506
54522
54522
54538
54558
54558
54564
54596
54596
54599
54606
54619
54630
54635
54635
54657
54662
54670
54671
54706
54715
54726
54726
54741
54753
54754
54766
54781
54792
54797
54811
54841
54855
54857
54875
54880
54893
54925
54928
54928
54979
54987
55018
55021
55022
55024
55032
55037
55054
55061
55065
55079
55081
55087
55093
55108
55117
55120
55128
55144
55148
55151
55166
55168
55175
55177
55186
55190
55219
55221
55223
55231
55238
55238
55241
55257
55259
55261
55283
55285
55291
55292
55292
55306
55307
55308
55332
55338
55341
55349
55349
55352
55354
55357
55369
55388
55391
55404
55405
55407
55430
55432
55434
55452
55461
55470
55482
55502
55503
55523
55530
55532
55534
55538
55540
55550
55564
55568
55570
55576
55586
55601
55602
55607
55609
55616
55624
55631
55633
55642
55649
55652
55654
55659
55666
55681
55692
55698
55700
55701
55703
55727
55737
55742
55743
55746
55748
55756
55780
55804
55811
55814
55821
55822
55824
55829
55830
55831
55836
55841
55870
55872
55881
55893
55896
55900
55927
55933
55933
55934
55939
55940
55954
55955
55968
55974
55976
55983
55990
56009
56012
56014
56017
56019
56047
56050
56060
56073
56077
56079
56092
56096
56098
56120
56123
56139
56141
56141
56148
56165
56172
56177
56182
56202
56211
56221
56230
56241
56245
56248
56249
56263
56283
56285
56294
56302
56327
56333
56341
56352
56362
56366
56367
56374
56396
56396
56396
56404
56411
56424
56430
56431
56436
56443
56445
56452
56458
56500
56504
56510
56527
56531
56539
56546
56561
56583
56587
56590
56600
56602
56615
56625
56633
56634
56640
56648
56649
56655
56660
56667
56669
56695
56697
56699
56704
56707
56715
56730
56739
56740
56745
56773
56776
56797
56800
56814
56819
56831
56834
56836
56853
56853
56872
56878
56882
56909
56916
56926
56930
56955
56964
56968
56968
56969
56969
56980
56989
56995
57009
57013
57013
57017
57019
57028
57058
57074
57081
57084
57088
57108
57110
57120
57121
57139
57146
57152
57162
57169
57170
57170
57176
57202
57212
57213
57218
57223
57224
57225
57228
57231
57232
57238
57241
57244
57256
57258
57276
57293
57295
57315
57318
57318
57333
57352
57353
57364
57366
57372
57381
57387
57395
57400
57409
57414
57417
57422
57427
57429
57431
57439
57441
57458
57464
57477
57482
57492
57516
57516
57527
57530
57557
57560
57569
57579
57586
57594
57598
57602
57603
57609
57615
57616
57620
57627
57632
57632
57643
57647
57654
57665
57670
57677
57678
57680
57683
57692
57700
57701
57707
57711
57714
57722
57726
57734
57747
57748
57754
57773
57780
57790
57822
57829
57829
57843
57855
57867
57886
57886
57896
57897
57909
57913
57914
57931
57949
57952
57953
57983
57986
58003
58013
58017
58027
58038
58041
58043
58047
58051
58056
58059
58068
58072
58101
58108
58120
58129
58134
58136
58147
58148
58167
58167
58168
58172
58174
58174
58183
58213
58222
58223
58228
58229
58237
58248
58267
58270
58272
58282
58286
58292
58293
58309
58311
58312
58323
58325
58345
58345
58360
58365
58366
58376
58377
58378
58381
58385
58396
58399
58405
58408
58412
58428
58434
58435
58447
58454
58455
58475
58479
58492
58500
58500
58508
58511
58518
58536
58547
58548
58550
58570
58576
58579
58579
58580
58585
58589
58611
58616
58647
58650
58654
58677
58693
58703
58707
58711
58711
58714
58731
58735
58748
58753
58755
58762
58768
58771
58776
58785
58785
58795
58800
58802
58804
58808
58809
58831
58832
58841
58842
58858
58860
58873
58875
58878
58878
58880
58881
58882
58892
58894
58908
58910
58921
58922
58922
58927
58931
58934
58938
58952
58980
58998
59005
59034
59057
59085
59086
59092
59097
59098
59110
59114
59118
59126
59127
59127
59129
59140
59151
59156
59171
59178
59191
59193
59200
59201
59203
59207
59231
59232
59233
59235
59247
59248
59250
59253
59265
59299
59300
59302
59302
59310
59335
59335
59351
59356
59365
59365
59369
59372
59381
59382
59391
59396
59405
59410
59415
59429
59431
59449
59464
59471
59507
59510
59510
59523
59523
59528
59530
59530
59540
59556
59564
59570
59576
59580
59586
59588
59588
59595
59596
59603
59604
59609
59623
59628
59662
59662
59667
59675
59681
59684
59712
59713
59718
59728
59757
59759
59760
59774
59775
59779
59781
59783
59787
59798
59799
59803
59821
59837
59838
59855
59859
59861
59862
59867
59873
59886
59890
59891
59900
59923
59931
59932
59942
59942
59944
59946
59952
59959
59975
59985
59993
60001
60007
60016
60018
60039
60049
60050
60053
60062
60078
60084
60091
60106
60115
60121
60135
60140
60149
60150
60157
60158
60161
60182
60212
60232
60239
60244
60268
60273
60274
60283
60286
60290
60291
60293
60297
60315
60317
60328
60329
60338
60340
60340
60343
60373
60418
60422
60429
60433
60433
60437
60438
60439
60450
60470
60472
60487
60487
60491
60493
60495
60495
60502
60502
60510
60516
60544
60546
60554
60562
60584
60587
60597
60597
60601
60612
60617
60625
60635
60642
60654
60656
60661
60671
60675
60675
60678
60679
60681
60683
60692
60694
60695
60695
60710
60712
60716
60721
60729
60747
60766
60767
60769
60801
60804
60809
60810
60814
60830
60848
60852
60852
60871
60873
60882
60899
60900
60910
60932
60938
60940
60948
60969
60996
61000
61003
61017
61022
61023
61023
61025
61052
61054
61063
61078
61083
61090
61095
61097
61111
61115
61141
61144
61148
61153
61155
61190
61213
61217
61222
61229
61229
61236
61242
61257
61279
61289
61297
61299
61304
61319
61325
61337
61344
61352
61374
61377
61383
61389
61402
61413
61418
61419
61420
61443
61444
61446
61449
61461
61462
61486
61488
61490
61493
61497
61499
61507
61518
61518
61534
61539
61546
61548
61549
61570
61578
61586
61590
61590
61595
61597
61601
61616
61622
61626
61628
61651
61651
61655
61655
61666
61674
61674
61678
61679
61692
61694
61703
61707
61708
61717
61729
61746
61750
61752
61756
61758
61766
61770
61782
61796
61797
61806
61819
61822
61840
61857
61860
61882
61885
61888
61891
61891
61904
61905
61910
61919
61946
61948
61961
61963
61965
61970
61973
61980
61998
62003
62008
62012
62013
62017
62021
62034
62034
62040
62051
62062
62063
62066
62071
62079
62085
62088
62094
62097
62100
62101
62102
62103
62105
62109
62128
62130
62152
62156
62178
62191
62225
62235
62245
62257
62266
62268
62283
62292
62298
62307
62313
62313
62332
62335
62343
62346
62352
62354
62358
62397
62411
62421
62432
62433
62440
62444
62460
62469
62471
62473
62474
62482
62486
62492
62498
62509
62512
62519
62527
62541
62555
62559
62563
62567
62571
62588
62588
62591
62597
62602
62604
62615
62637
62671
62674
62684
62688
62697
62718
62723
62738
62744
62746
62748
62760
62768
62771
62778
62780
62787
62791
62797
62810
62813
62814
62841
62854
62866
62870
62886
62888
62888
62891
62897
62897
62901
62902
62915
62918
62925
62925
62935
62949
62962
62964
62974
62982
62988
62988
63004
63014
63054
63061
63071
63074
63074
63081
63087
63093
63102
63103
63117
63133
63138
63141
63144
63154
63160
63160
63164
63168
63180
63191
63191
63203
63216
63240
63243
63244
63260
63265
63277
63309
63310
63319
63329
63332
63339
63369
63380
63400
63403
63411
63412
63412
63425
63431
63439
63446
63461
63465
63474
63488
63495
63505
63529
63530
63530
63537
63547
63547
63554
63561
63571
63585
63601
63623
63639
63666
63669
63682
63692
63697
63717
63737
63738
63747
63747
63765
63765
63768
63780
63796
63796
63807
63814
63835
63839
63856
63860
63863
63878
63882
63894
63908
63915
63916
63921
63926
63935
63949
63952
63964
63964
63974
63981
63989
64016
64016
64020
64025
64048
64062
64064
64067
64072
64087
64095
64113
64116
64135
64160
64174
64182
64202
64204
64212
64215
64216
64237
64237
64240
64259
64265
64267
64272
64274
64286
64289
64305
64334
64344
64347
64348
64350
64352
64357
64369
64372
64372
64375
64385
64390
64399
64408
64410
64414
64416
64435
64435
64444
64461
64465
64471
64475
64480
64485
64485
64532
64555
64560
64568
64572
64583
64608
64618
64638
64638
64647
64647
64652
64653
64661
64664
64678
64680
64680
64696
64700
64708
64719
64727
64737
64737
64752
64769
64782
64784
64796
64823
64823
64838
64839
64846
64857
64868
64871
64879
64887
64890
64892
64893
64898
64909
64922
64927
64935
64937
64956
64960
64975
64986
64992
65001
65008
65013
65032
65041
65051
65051
65066
65069
65075
65076
65078
65081
65083
65084
65090
65096
65128
65133
65136
65141
65159
65167
65175
65177
65177
65184
65192
65193
65200
65210
65217
65224
65225
65227
65236
65243
65252
65279
65313
65316
65319
65325
65327
65328
65329
65338
65361
65362
65379
65391
65395
65399
65403
65423
65432
65443
65444
65457
65459
65461
65462
65469
65479
65482
65484
65490
65492
65493
65502
65504
65507
65508
65509
65513
65520
65522
