64
821
899
1247
1751
2457
2786
2895
2972
3381
3400
4485
5050
5366
5484
5503
5859
5917
6037
6615
6861
7170
7341
8283
9569
9860
11906
12519
12532
13095
13489
13853
14215
14760
15380
15698
15765
15953
16315
16432
16604
16797
17195
17493
17893
19341
20432
22037
22130
22360
22410
24479
25069
25375
26106
26351
26937
27255
27734
27738
27784
28417
29802
30254
30343
32335
32396
32784
33640
34580
35937
36377
37491
38011
38514
39612
40468
40823
42095
43548
44025
44493
44891
45111
45440
45747
45847
46125
46356
46486
47194
48417
48773
48778
49286
49605
50168
50454
51951
51983
52004
52058
52090
53702
54599
54635
55108
55534
56352
57400
58101
58360
58365
58500
58748
59110
60140
60675
61418
61655
62040
62235
62313
62674
64719
64752
64769
65177
