26712
8723
18480
42902
15677
23957
9078
33759
53480
6803
37744
18620
27931
47350
18984
38135
44951
48397
63188
19486
41879
14485
33389
60023
20685
3267
39255
45951
35956
63273
57316
50622
65065
34013
27036
49009
57928
9317
45928
9124
20212
30091
50739
48778
42857
50873
37731
24530
23885
57469
38353
60352
29017
39880
24119
18156
15839
59047
13794
15845
20934
40795
55373
36424
25308
33199
35804
40703
7046
267
54868
36875
19775
18629
43505
18658
53302
25131
26690
1180
60454
23252
8250
29025
54786
1913
50322
48257
14175
52767
11172
26696
39619
62946
6983
45014
36668
64360
34864
37988
30814
18277
25835
35677
7687
50420
9708
51500
50287
10415
24651
19058
44977
51180
17945
63503
18703
3771
2496
29295
48544
54982
13945
10147
58036
51253
12557
11116
8971
49626
45433
4496
15442
6576
28280
9809
22162
42274
58571
25389
48826
49286
48317
61617
46625
30481
21767
10838
51586
17359
53629
28292
39634
7385
45458
59330
32508
55376
9496
62721
60516
34265
23111
16209
59590
55290
47233
57724
41756
57217
51229
61061
13978
8004
45918
29613
45736
36304
21604
57221
25789
18714
9932
50033
33453
65206
36962
4358
61355
34994
55010
12997
44322
28105
41283
28048
31449
51803
6703
32011
36636
58302
19509
21678
2155
25966
59121
54775
4917
45612
42815
25722
61757
26
46728
50017
61542
58273
2065
14873
15617
61915
64867
43310
35906
30278
9187
56319
24189
28430
15646
50842
1351
21305
41349
23509
34554
40261
29779
33133
11149
6084
45708
2803
30726
49098
25987
801
29939
19735
2473
22918
38558
34899
5177
21308
26832
5164
45426
53373
7381
27189
62485
50017
31676
52256
16375
47862
19477
27974
9930
28968
56424
63386
20876
35096
37788
15564
31845
13029
4082
48626
48915
41847
47462
3439
23524
40727
17378
36636
57089
27183
38948
37889
15197
28345
38668
54096
64361
55213
7258
357
1678
40519
38064
32260
52813
3277
40881
53448
33351
11931
17352
19822
27809
60777
3460
32578
47751
44982
32972
54734
63203
60869
17465
51154
63140
60773
42033
28584
34654
13025
62530
6305
43445
54064
37568
5064
50543
31248
6434
427
6047
33819
43642
34985
46014
55954
64055
44224
44648
4452
62947
63140
27390
32633
20268
6081
36622
39318
60088
64659
53030
60182
59397
28013
13432
22259
40219
16957
59165
37339
458
49396
5984
33422
4453
50821
41699
38293
54878
65313
27549
51455
50937
17111
41297
12950
12439
20208
18392
63664
29460
60617
13906
8764
42256
14766
35068
364
23921
54936
8329
20466
10799
62275
6144
59677
10716
41192
63376
34278
38534
7064
8562
33310
52426
37482
32336
63484
56164
38347
31704
19459
54379
16925
41183
34498
12492
53875
57756
23045
26495
15456
27325
34428
2357
30084
29449
34762
36904
34636
2956
42896
633
59819
57368
35534
17502
34035
24434
12899
26798
14366
25990
9369
37348
45687
41272
20019
15601
38373
18691
42107
40892
21702
11959
28784
49042
64889
17756
41908
35958
9354
38221
40354
55003
33202
27440
61682
32489
64659
22199
21859
51995
40127
43551
63092
48165
9470
25209
46138
37220
26777
22577
50798
31510
2912
45936
7869
51431
7121
49871
7604
62350
38513
22699
14007
45448
11641
38390
20941
22335
39989
55875
11082
1666
30738
32666
13614
34000
64352
65155
56043
22305
8092
61867
1695
61402
51743
61624
58131
38425
44109
62168
25759
5734
48879
235
47255
10406
45306
8868
11498
891
24980
50011
50045
42578
24147
40380
48722
41937
9856
37126
1362
63499
7296
45996
3414
13708
14428
51973
16009
22156
21323
27659
62362
31908
37805
33795
7596
63760
56546
52725
61310
11654
37782
17881
1657
56023
48341
27838
1638
23318
48089
5541
13569
5878
10212
47214
38413
12428
13796
973
23172
8086
30689
22410
10826
45436
23004
38103
13319
62978
16064
9320
60097
34958
7238
19668
40794
56877
43276
51895
61961
5172
10311
4698
49760
27361
21149
54887
12422
26183
61643
22309
322
14562
40934
25932
9538
4284
688
55538
4820
65174
42219
42614
15067
55324
23095
26989
17541
40255
48381
44914
55995
52320
49613
58885
26015
46656
36836
59380
57044
23313
41203
29981
43995
11326
45155
58484
12770
57998
53329
53730
58387
62461
32463
30471
51782
18811
59702
45025
8331
3425
64595
35734
55077
14657
24312
53420
44777
41385
54298
51952
48237
39465
29383
45536
50380
10173
14707
14546
55561
17948
7703
30731
57451
20616
30593
12233
35263
18904
2560
3896
39731
6830
2787
62824
21412
52734
12734
18319
37539
57952
49721
5918
51867
58366
1701
33029
37310
23861
28583
52306
48319
30001
11226
13175
61440
28285
6674
63251
51447
43726
21231
9244
61237
50378
6215
46448
29958
33913
55132
31057
38780
47471
22442
8025
43742
61936
22893
25927
64443
25802
36928
28458
31243
60966
21091
38578
60320
26873
54627
39336
13966
56270
16580
64072
4216
49260
23951
49548
5274
59799
59789
6139
48027
743
42179
45866
30262
59241
17531
51274
23905
42647
32059
59228
8086
60876
9252
34011
18481
62035
65139
55575
8371
50743
7413
7446
53839
49350
3947
5899
52150
22969
19231
32422
4533
52966
26240
45853
59464
61466
30459
23622
40174
19788
60875
62088
40501
31211
38975
44988
54300
54487
65420
59874
26720
30001
17601
50248
59901
35988
17199
11935
51917
21255
14557
9267
62873
5589
5601
1146
44209
26676
16201
54289
41557
17647
62201
16629
44383
44730
23297
50098
34945
57718
22883
41213
14929
63535
40410
28283
7146
56027
51092
54998
39458
10662
63825
43795
14973
40335
5537
8606
11604
45779
47339
44720
22958
24160
46034
15389
36081
28744
63460
26297
317
32035
10037
55876
15382
60780
32726
24931
3175
10056
30623
41829
27078
29048
40288
24485
19660
51114
63022
31205
3302
10622
65348
56036
52240
56520
24678
20119
42181
35440
61565
3023
37872
13413
64614
16486
47591
34818
5571
44320
59786
29149
30721
49945
29542
35963
59288
28243
34561
59876
7381
27262
45600
22761
62300
53767
43364
14648
35122
7963
15365
58966
20041
41527
12759
15388
35960
53418
49327
53999
51016
8754
34601
47518
60401
17810
18609
777
53109
12746
34360
3391
4945
21146
24049
43353
7350
45796
42423
2698
38930
62465
52438
36906
44880
40961
40751
1727
16227
51013
734
10100
34153
10220
17691
61739
34137
18911
16685
16655
33083
65053
14713
21856
41324
36711
13486
63386
15481
25800
42233
63823
32198
42463
39313
21455
4594
10517
45419
46839
36735
5707
2314
40011
16430
54908
42791
48686
20526
37281
34560
63127
13034
40146
54980
56419
20739
63895
12530
27185
23462
39308
25659
48685
33671
48253
42711
16568
61133
47993
65198
49177
11155
4856
31749
57675
57529
39493
49067
33238
16688
55512
5174
47630
51897
2563
63139
58968
9768
36952
65229
432
64316
46238
34633
60326
57892
11303
26510
46386
39808
24284
43113
51810
54002
22564
31996
40419
45758
41355
42910
17735
7344
26947
19138
10839
1485
24134
62508
40219
7677
44316
14026
16823
34818
64630
55536
33479
64340
58805
50742
1230
789
8850
23418
3532
55852
51410
51817
10492
4151
7520
13474
2041
58258
37426
52219
34940
12485
24602
52546
51210
26717
21735
9650
24367
37220
17747
11377
47021
18050
22283
50309
19206
30070
3721
8270
7021
17679
60374
45710
46314
41349
12382
18240
13995
35641
53891
64977
34226
42695
38202
601
7326
46094
10798
5169
28751
2693
32658
17777
37991
38299
52662
31255
48653
41903
8558
60764
20348
52510
58204
45877
44564
20128
55300
10186
37087
36501
42283
63887
16748
50152
60667
64351
24647
33493
58405
49027
5156
32045
33660
18295
19390
4866
46920
4405
49255
50074
58258
30848
1875
31116
23656
49928
987
4336
49539
4287
50358
41825
31447
4489
55342
48261
53326
37312
38200
5006
1744
13235
4596
28635
37502
40939
59522
51721
43013
56234
15248
24184
16701
35667
59593
51888
41802
18034
63412
58041
14547
33424
23174
58237
30549
19130
56959
1668
22533
39925
51414
62116
5436
15945
32997
61391
13761
16780
36946
55922
10698
31746
45304
25734
28097
60372
8837
26350
48124
42510
55823
33634
4556
49670
37513
1085
52205
57750
40286
2034
45887
17609
23994
16368
29347
46431
36300
44956
52053
6054
43305
65398
51749
5008
15733
37316
43636
33718
22639
36287
3213
9598
13147
10599
53159
9819
23792
28744
8248
35767
32072
11532
38830
12685
18282
42073
36280
46696
1683
42429
6318
41477
54196
407
48724
52743
27200
52817
42828
16555
10874
15366
45670
26722
16535
48712
26255
14981
40087
11926
10447
21063
52943
11467
14712
43424
6795
51273
34404
5355
10076
44703
27774
54726
18863
57049
59522
63005
44763
8876
11771
3100
53554
55222
20546
59557
4030
31899
36235
10955
50130
7347
20758
633
43110
43288
56189
62266
37158
54677
44388
1986
51614
12983
43215
40895
4112
6778
46686
22593
56752
62191
22299
41546
29981
9163
29829
63809
46329
45314
59458
24022
45501
7079
55814
48243
46551
46812
18300
42416
64601
16566
44100
4322
64604
49101
20954
14346
6677
59274
62128
50877
24250
22015
3607
37345
18379
37375
22883
48415
22916
1287
8716
6760
1902
16772
15688
19087
42896
60336
34447
26190
17215
3891
28748
38221
65318
52239
13389
20435
16315
26022
17281
39247
57083
18409
37486
57014
29930
29556
19058
2963
21589
7126
52802
34829
30614
39018
33877
15101
45156
19294
47718
26441
57032
46292
51392
51261
48873
27387
11512
24799
11556
7400
31841
47246
5172
4852
43599
61829
60377
57285
65042
57883
18266
1210
55039
14033
22030
47459
6467
34677
62370
34669
21526
33366
15145
12296
21973
9501
27556
36159
4629
26166
22246
9573
53020
40866
43987
55561
35640
39936
2045
24019
16573
58022
57354
54952
12699
47375
49512
59186
19330
49692
25524
19652
8808
3792
5663
61089
28708
48677
52417
46701
21965
14646
24312
2277
28649
38099
17273
60025
52436
14730
13196
61075
31584
63353
16557
59317
8823
64804
29241
59613
47941
44443
14180
34321
30564
14760
2744
56604
62788
17729
13213
28966
18696
64469
64597
33502
64721
58828
39673
46032
11851
24513
26270
18024
12275
37544
29284
37689
56297
8623
43219
12354
63351
2953
28304
7154
36068
9303
62299
48704
25750
11039
24219
7214
37517
42052
49466
25074
16715
28559
62449
40801
6113
38410
24066
61995
8819
33647
2036
36802
29524
30339
44421
14120
11622
64939
64793
33951
7803
21014
34210
29813
26341
9452
26008
31957
37245
37579
31862
39926
25459
7703
21357
5047
2163
28737
732
51235
41446
40805
54114
47396
61249
7920
4812
14027
37013
63020
60641
52225
52849
16577
6014
11967
37612
51840
44418
13809
43879
38330
37695
3982
6849
6089
48265
54448
40485
24972
61897
11076
20791
57872
56015
31874
20380
15067
5841
20063
58656
44147
42112
19677
28032
55007
36270
55025
18210
51113
4084
46193
42450
49567
51727
37099
23442
2617
1357
30028
42461
27801
45481
28531
65436
37526
13171
33072
23192
31729
17268
36837
39321
11469
53459
43082
19793
58250
2850
31811
30007
30046
60827
578
63397
23276
11771
16851
13134
15350
10452
62361
10457
6313
470
64415
21286
23737
42790
41731
36013
6889
5862
25167
37778
63645
21058
51940
35120
53805
62444
51513
61803
4415
4072
15659
61171
37610
25202
2064
55970
64375
58936
788
51107
4782
13599
38755
4355
11402
19153
8911
61258
54880
11571
41196
9391
42375
7127
64807
38956
60529
36349
28902
56669
45262
15
14066
40902
50680
45370
54720
43197
3870
60669
18865
19295
27090
24235
32445
28855
59577
57537
24280
11408
2589
23628
44868
31925
15403
62105
17578
47463
44555
10874
25656
49573
40045
1218
4191
53023
11547
25045
46423
27852
20633
64844
44641
34134
13116
46991
43832
50129
13794
34581
12809
5076
3689
13281
45044
51372
11143
57231
5065
33445
4187
858
36392
54534
59056
64165
62895
27013
34805
62821
34067
33392
31235
53695
57035
15111
29329
48431
62223
11674
24142
27631
45100
26998
29775
50818
58439
6343
9389
53747
25899
64104
38593
13676
12982
16022
38975
52075
23760
34029
35598
33627
11823
51392
32427
57266
49311
22299
30200
47497
465
1858
35969
25143
12728
26405
34846
5804
2942
28715
49448
31361
53665
23893
47148
54976
49628
47187
5950
11860
10905
57985
19135
47472
34628
13562
3548
53127
29418
42908
52467
869
59470
59200
53308
63221
10484
60660
24422
828
857
61885
7798
44808
45395
1623
41907
30885
29015
4342
11668
65389
30271
47363
21334
29308
55929
21316
44941
60982
15799
29170
18684
13337
44976
22174
41945
60719
60170
55066
18063
63701
48429
8193
22557
58640
14917
53037
46333
29215
35383
17002
17266
2242
17122
8302
46336
48388
43411
1891
29993
24382
54656
55624
18292
42619
21034
16800
13026
63622
17555
36401
19089
49153
55426
53625
9638
47207
60916
37713
48481
23548
22486
12264
59217
11895
1437
48681
38163
16067
9647
7392
39970
2414
18461
34654
45063
2389
10786
48192
65303
8501
47619
3590
33289
24964
59573
53613
3139
21677
43356
35955
62485
60893
23288
27191
59225
31148
57723
63072
2785
46699
22655
51469
29942
24067
4936
24728
36793
32365
9000
50889
14537
4777
47683
37717
16220
35575
33008
64231
44284
25446
53590
2755
63464
32831
30275
28979
30865
40062
3097
10844
16057
15390
56034
49012
26997
1913
40785
58771
39443
50985
12889
13329
22326
52774
44768
47980
32926
11196
20794
25235
18244
42799
44216
27901
62051
3197
35650
60895
21134
52302
5572
30794
43372
35461
64027
62088
36863
57701
32988
32341
37410
64516
57188
51108
6338
27639
684
20231
45743
53581
2536
22115
22831
41295
49377
21082
14232
55608
18352
9059
13052
64410
64769
60684
19089
15319
63598
16216
15067
1307
61500
50478
28829
28908
38804
53251
25609
4545
35077
63388
44322
37040
4547
11566
48453
30590
50158
41611
56366
40014
8711
24989
53118
61865
4152
61114
17912
60269
27360
37685
42343
12312
48507
62783
11013
31578
20843
57183
30586
55259
38834
34755
41431
58466
50119
36247
56945
40562
44746
32403
782
15695
5039
64003
65226
12777
26235
37901
12192
32829
16136
21525
51772
1399
9322
44549
41483
33715
37358
38694
28893
13009
51487
14679
6240
53508
14564
62918
58346
31384
35092
4707
59130
59209
35792
52102
20805
50412
27269
20634
61521
59946
24095
45264
23433
46529
49294
18018
53716
53710
9252
166
29834
51735
5467
35450
18283
6594
111
4959
10273
36197
58411
23941
40036
13170
54087
31541
3486
24131
22305
19950
32520
49656
21767
6090
44597
57777
61101
5405
43411
62585
35352
62695
39709
41757
45930
53872
40701
16132
29774
43154
21185
62609
28538
52879
44133
49064
56153
62939
52715
27790
59092
51359
29675
30675
32824
49282
24932
17848
15930
24087
12724
53145
36446
44303
16741
8453
51519
9596
30773
10255
32649
49050
19096
1572
54804
53803
26711
49454
1019
2640
29356
53442
36380
41898
52342
54740
4362
800
16561
43024
21969
39812
16102
61796
40417
56682
40393
30762
43255
43469
21130
21226
26949
33086
59997
29918
22839
18837
4508
8160
24302
39916
6204
51616
50121
44723
14080
63269
49492
55017
4467
48319
53790
52040
42887
35706
50104
6936
52587
4199
26409
42769
48847
30580
48730
10572
23843
26875
20728
32891
24178
56529
40343
27194
30684
17381
57498
6136
36913
40134
31848
38639
1897
44286
38253
12541
35131
44932
6458
21430
24283
41983
55166
43341
23429
1094
3729
8338
55686
56248
52869
39566
21620
34992
17620
26594
28500
45493
5042
35459
43550
50164
43302
49394
21318
5629
49863
62230
63071
45016
41935
60405
16854
54134
60130
19951
26270
53678
42882
56783
63931
43417
50093
60340
54012
3212
45468
24
10382
23147
27211
38673
26765
40435
47810
14143
34417
57399
49908
29541
52177
58620
40231
26019
402
28532
33872
7068
63307
44750
19315
49752
64846
16542
35935
47132
26165
12327
54914
27551
61091
36491
28546
29705
45132
47209
47768
12865
1256
20521
52499
4734
41013
60340
4908
54263
8197
55494
59243
62710
35606
40218
22437
34273
34825
8961
64864
34757
32075
55145
33311
65310
26177
31428
17516
6057
22459
54294
10719
7273
59247
42911
47574
3260
8407
65272
12849
18094
32615
33971
25790
56543
13057
54915
23723
18995
62771
23816
24344
17511
15066
57756
47525
25705
11213
21352
32706
2423
7204
31536
41519
44121
14
30213
44619
23962
22267
44807
59091
45382
20590
26699
43465
24129
24273
6066
29431
41702
23398
33710
51937
3296
58970
53764
10957
39496
59590
50020
10406
34316
56370
63983
44661
46456
45264
29834
28811
22777
53494
23445
39686
15842
25200
19903
29634
25764
16500
53328
29518
40740
21473
27622
37001
35833
11897
54413
51210
27459
47268
8508
31395
12260
56981
35602
8834
26773
12391
38156
62822
56884
2766
38316
29915
34575
28488
55088
29116
46903
63436
33194
1121
48146
12579
28476
57729
2626
28277
6105
2933
20427
4138
1636
990
7144
62068
354
14414
25988
7495
50886
16343
64869
63250
53278
3938
6469
43200
12303
59605
39815
56500
53848
252
56542
14660
15575
63917
15002
22693
27747
8518
39502
6745
14913
48199
51920
51607
9430
5034
41518
50641
21685
27202
3700
61782
24940
11077
38024
47188
557
22483
56613
41800
57552
34886
35368
12824
63391
37146
48998
12138
28134
64772
17699
45400
44437
35037
39025
22752
8106
64782
14690
57772
61078
44891
28319
15859
25592
42040
42713
62610
55850
4958
39950
56462
18182
54379
35446
22964
40054
39257
52436
3342
47382
51003
136
53894
13853
63074
58006
3178
30714
65391
24871
45004
2143
18748
11502
25148
12742
33559
25988
61735
26621
31187
30115
62491
12850
25604
38957
27220
12122
289
54457
26251
43941
14722
51355
55680
53892
47234
55111
57974
1640
34215
32961
64714
46188
43083
28834
20859
1254
60253
40430
776
54158
18224
31787
49390
61549
19963
61955
2193
50402
13014
64061
35407
53762
24306
43903
23560
42570
45424
11368
47464
52029
8790
5895
52067
48737
60046
25010
35530
31114
3683
37873
57464
7404
51619
37500
7264
50292
8956
48872
51419
38652
2774
7165
22321
11001
36352
51580
58432
14599
39052
3520
34237
36799
30836
41311
49782
8790
27627
46618
24961
33717
63299
17643
47543
46817
40526
28662
33209
21474
9212
20401
16982
17883
25369
9360
36846
23730
47488
65447
19067
2723
14010
62480
24175
26586
8648
55816
48493
45366
36263
53563
47003
40244
2193
20300
43873
42315
17724
46017
46111
62373
37131
36340
45681
39024
243
49647
22233
14570
34563
39138
47757
45970
50524
14039
61193
41694
23151
62925
52483
7496
2578
29813
48797
986
52410
61502
61074
24542
38745
20135
6074
27331
6780
25303
6086
62808
3069
34926
2816
22136
36392
45277
7880
52459
26206
45540
57336
4912
33952
17920
50512
14863
1564
14743
37204
41376
62339
16263
31352
20789
54095
65398
61143
34367
33184
13654
27905
44262
62911
57641
9909
17856
52945
47915
30663
23406
44297
61040
10443
34893
63091
18018
3847
36225
17432
2475
9056
38194
10452
34658
15118
45605
53557
41067
22678
36050
5739
2437
29277
62340
11615
43713
8701
35778
28161
61093
19588
13652
36317
31410
19300
41550
52026
65323
33683
38942
29720
39520
11314
59177
46906
57140
30535
63630
5238
6909
27094
10478
44489
59660
52404
26992
9203
51365
36867
39807
45196
27732
27865
31187
23662
19695
9152
1510
18294
19523
181
58210
54163
8690
55250
60189
63723
38741
17679
17044
39169
61139
62599
55954
7109
42228
30092
34421
23008
47562
62805
4987
5738
52010
62734
53417
58900
25883
6418
38442
7653
31124
49633
16627
53219
45655
39529
65083
21022
28572
18232
6026
21981
41649
22058
36866
49839
13577
53502
7331
4973
6912
30435
61087
33141
30398
63822
15510
15295
9610
12617
57004
39877
11926
17298
62371
26150
16269
11321
51841
11948
20945
53092
32877
46791
46429
25699
48590
52048
16449
4921
14283
59236
22442
32061
52880
5501
5153
62237
17827
15790
56773
7018
38713
38354
13138
14985
6561
61943
32056
42800
40402
23719
26976
21231
17783
52452
8195
26520
25497
15031
24885
42487
33650
49367
41477
46144
60319
51523
774
37741
58800
2287
32672
7014
48452
59564
18898
29715
15626
49552
47937
2109
3220
15167
48999
62622
65154
62287
16013
52943
14554
62042
33486
22114
50939
59966
28398
25907
38017
30820
52003
45530
19554
19400
29307
18920
4290
50644
44061
59253
22835
11041
4716
2682
6454
63407
46612
64364
3977
61621
20702
16616
14351
47257
55265
14332
25062
30912
65403
57540
6566
3550
54369
21836
8867
14079
23955
30871
22019
60004
23744
24013
45054
11682
19683
26748
31605
64055
13373
26173
65529
20449
36933
10062
63418
33267
31715
48488
3593
49128
50089
846
50398
40673
63094
29620
7566
48301
59504
2945
4168
56008
63179
32808
55376
12912
16158
35322
54270
31829
38692
11802
6434
7918
29864
42211
50678
1266
28071
60160
33312
5912
34116
35972
7164
8852
42892
28585
6131
64964
10229
21477
49116
19897
32003
7979
50618
12698
25657
30013
45654
49744
1972
16805
53310
9566
58522
15257
59425
51695
57532
52198
30873
8204
52799
57956
45920
6935
47971
10006
26395
4748
48528
11128
1988
61419
62578
5851
3274
33020
34330
42038
52000
17811
57461
60500
61680
23211
24484
49146
64663
24107
24914
52800
63448
60501
29958
10774
17297
7747
46326
53027
27821
14160
52304
56263
20416
41591
28155
13981
9189
6512
18996
65323
22839
9342
55894
6455
9887
50934
55433
64216
58938
51423
5044
18425
28143
50349
53063
54793
14154
14597
5739
284
26441
44026
50345
12968
1223
2272
37971
21803
57145
40144
16361
65326
50355
57101
29146
4011
55596
19094
21045
3803
30177
6626
10492
14177
10958
482
15265
35584
39409
40986
4545
12414
18239
15018
27062
25205
61416
33983
4865
37033
59410
56960
44369
11088
14217
16031
50906
10765
23274
7615
6023
47864
24508
61286
10813
11836
36207
31989
29374
65367
42792
36281
26640
52454
40102
53773
35467
30671
35209
25789
31565
13914
22078
18937
21455
60634
44298
62059
13407
670
43119
19642
1027
62606
57434
50713
7104
55561
361
8372
2810
1150
37142
2976
17469
27002
7110
50225
49984
46721
61468
27132
44336
43983
11178
21532
17710
39612
24551
22018
21967
600
15522
52751
53899
1244
51248
3234
64048
4898
61678
54307
3848
54366
62760
15356
36014
60512
35435
3548
32646
49053
7404
31880
23943
19347
24198
36889
4923
29714
4728
44533
57519
9487
55499
45434
45525
62544
22483
64778
12141
22159
42391
27145
44516
29547
33754
19626
33411
25265
21165
63564
47751
15716
25555
64339
31701
15269
33385
60710
541
30457
60006
54458
61377
13607
22031
278
3069
41124
57045
34130
51418
769
17504
20768
13114
22519
19583
29455
3574
49961
33758
48948
4760
19140
51018
56108
37243
1812
30069
40096
6940
19937
10076
8470
31985
17416
63291
55357
17764
50090
31740
25566
53287
18360
175
36399
31152
5134
48495
15595
42142
41408
63557
64820
11401
58240
52540
18457
39504
56162
56181
10321
35173
57363
33168
24952
14069
54272
23445
14756
63948
32263
6623
14003
51420
60337
3816
5362
5057
11696
33623
52297
62548
58205
30654
47590
55213
34250
29469
2212
11675
9335
13126
50997
29528
48706
45345
18568
48296
15618
40262
11377
50053
34337
16429
49785
28528
26798
44107
30472
10593
27520
50269
21992
63090
25638
58702
3238
11937
47457
18181
29350
29419
45469
33271
11339
31280
4298
23856
16767
8300
43103
39053
32011
62827
5120
1086
16388
4509
63190
8479
33934
10818
11450
252
22591
3943
42658
65020
41942
27458
47997
60125
50330
39101
3696
64410
51651
42716
45202
65517
22224
56896
24145
12873
35696
34245
2198
23890
49344
55459
17341
60330
30679
41635
64718
20119
55257
40613
22905
19586
25769
22639
56754
19056
47884
35169
57882
17655
32001
59725
58117
8542
27446
51784
8063
28717
37753
45213
37832
2984
7296
45354
41607
61413
5267
47852
11877
56409
46721
23522
15705
61430
25193
64742
8792
19781
2203
52854
34528
11050
9663
25852
40288
29597
50983
51501
50796
32818
60633
31572
59039
38098
4792
19678
65230
24596
60806
39368
34500
35840
47779
20757
7012
18372
34276
37449
16548
3443
55394
6240
55439
180
34454
19244
60510
13138
13376
56682
61639
49895
53559
38632
11283
46462
40049
40806
1108
54010
56590
53373
23535
62003
26311
64770
18497
50194
11572
10479
28707
9622
17219
9046
23435
2514
4491
55955
43607
28411
21278
8551
13986
20673
45951
15081
30539
17972
31337
21799
41992
47361
60614
42694
35878
15466
16047
1708
56233
21551
19412
8455
33199
5721
24999
27076
14812
10028
61346
42393
43354
53834
26142
30637
21178
15694
51319
7417
2460
15294
21382
33830
57845
20059
64303
17250
43758
59169
35098
7562
50121
33845
62899
45484
15298
30088
6562
22198
47920
55392
59562
22364
31820
12567
28681
62346
18236
63368
30122
14987
25449
29275
17031
39840
9276
63888
9383
64730
44830
12910
29407
10437
22447
24643
42268
6780
63989
57379
28318
52171
46988
60612
56970
47409
12757
38133
9072
49909
8951
63463
39109
29775
53203
3893
45227
20522
32953
60110
2235
3603
49474
46193
9298
6506
8836
40713
64874
2720
48555
61440
49134
49645
25010
7868
33693
5446
46531
7154
8956
24657
50133
36589
18628
52385
20838
4266
60187
61132
59350
37855
22214
63233
50008
3560
63510
44248
7998
50536
15583
63830
15607
52164
24409
17294
56076
15421
5316
55766
1775
64687
7230
47059
9025
27889
58311
33353
50603
24289
755
45204
37175
49761
12468
56751
17487
47349
5029
51365
34023
24107
13060
4908
49513
42031
65260
23349
19361
16812
63453
61212
22843
45623
38868
24958
51512
15300
5980
17158
28653
15205
19320
3280
58906
54449
16812
8196
51940
10882
34986
37630
38053
5991
37268
45440
56632
30716
826
42115
53031
53087
12660
8858
61333
58900
12027
49647
53890
29150
1657
48918
2901
1605
17528
29674
39562
33271
30578
60781
57467
28476
47713
11360
21503
16481
60015
40679
24113
7315
43876
51700
45219
8132
36015
49846
11257
17103
35030
31050
20699
5968
63494
58544
36997
45815
54004
12266
60974
30717
65277
60059
38256
9610
12374
22139
19151
49710
42796
2234
50485
21343
22326
44193
54397
22272
44345
57448
55992
55455
41164
58383
40558
50407
33683
4304
65025
9186
14038
56262
51945
43040
505
54531
22254
30233
8685
11026
14209
23001
2800
25415
5858
44978
8387
43827
23501
24124
52966
29067
5655
58617
39730
65208
7432
2950
23557
23354
63243
50545
24897
15978
53425
49018
41997
37418
4671
40211
63841
44481
12368
9752
16984
4836
1757
59462
386
12321
973
28466
21217
61405
33775
61138
61112
12314
5430
17296
18754
45107
4558
50340
25879
20004
44991
21509
54040
46709
27358
31169
6100
10983
37771
45232
9230
31282
41120
20226
51837
61246
15353
39107
7389
59593
9408
53930
41548
23601
29531
5007
13576
19271
53152
20297
49133
64410
30917
60238
52340
52907
41867
41494
36774
37543
7013
38255
63741
443
43311
1735
55260
56054
16356
11608
15777
55556
47448
30502
24146
30381
6823
18303
9435
5902
34693
396
10873
33149
8615
61928
28022
35879
30723
64926
33988
32499
39403
31245
33413
17201
25997
28451
19181
11639
26811
30439
27424
51741
47207
32821
5171
14311
29730
439
30260
65332
44517
51459
15822
109
29881
37035
41394
59127
43274
48758
14530
11211
50785
3363
62775
39464
28893
47117
4881
57776
3901
21907
29904
62087
4101
17125
16457
46796
54481
53709
42960
17552
18602
4219
16568
55748
5541
60959
7112
15780
51383
34329
13229
29277
20032
11110
14718
23611
26802
60244
12781
34872
46083
59162
54192
18718
52284
57255
57400
3641
25005
6904
33676
30089
36941
41509
15689
51028
49307
15174
58037
52752
8489
27135
60539
28701
41598
25261
46178
10088
20134
8260
64907
38158
8717
49696
59624
34785
42792
36935
62051
36815
12314
20893
37223
37319
50743
13736
53416
4208
45594
3270
46267
26046
20122
3153
60491
50952
16279
29814
31997
64320
14452
24926
48780
12552
17080
26618
63483
32113
37540
9337
1801
7236
53149
52971
16839
2410
49545
44610
13265
18236
52569
36179
12820
13262
2727
61718
8386
17687
62667
11521
2992
47104
9095
9752
43331
2879
65324
50209
36242
10034
3632
29440
17261
26089
49334
5102
1551
43572
8728
12338
30493
8411
8764
40295
51652
8732
23083
26108
8434
46589
52595
58617
34738
45801
19342
52815
41479
44060
38987
9601
45888
11855
58083
54304
38572
19553
17687
6050
18262
46247
62167
18718
60138
61460
38446
28308
1937
11333
29451
56659
58148
3215
40231
49653
32888
37682
17248
58032
9672
589
42028
12614
39381
61384
6493
47899
44086
11454
63289
7161
20396
29820
14802
2632
23753
57499
27045
22591
2872
26346
38895
1268
24312
43265
18148
45583
59686
8286
23205
54932
6570
62380
9352
54895
31050
52459
45653
2938
17189
47365
3066
23038
34366
13619
50892
25964
39301
38302
52629
32220
59253
55899
48421
32436
12967
7571
50575
10885
46652
38123
18514
7895
62970
45292
39452
46086
51999
15905
14702
56529
47316
27698
56894
36607
53156
53100
20778
47271
53032
33468
1164
11777
26503
24216
5565
64283
21148
19047
62433
46603
18879
22175
30519
39502
16010
61713
61391
57448
29470
47925
50615
3765
1501
16851
62641
51174
59235
45104
53825
25488
24422
3739
22956
33222
60854
1123
31621
27599
51233
22039
45171
51224
43775
63211
31812
10796
54628
63294
62231
8506
50799
42162
58794
19725
33902
36031
23281
30752
40925
6595
22414
45927
9135
53274
51092
50729
45985
11295
55381
52429
13332
30666
35616
22152
57499
53254
9563
18987
14673
18721
26242
62198
15327
6517
48097
4172
46261
10825
49167
1303
46539
54605
4375
44112
60927
34721
44931
42859
27659
62919
39399
8768
39745
14893
61798
25143
34003
53503
20254
52262
4870
53241
8332
48015
33743
44197
37870
1464
13399
35244
13370
18794
15457
41781
8358
27697
44549
31760
30630
64895
17931
42409
41168
2085
31337
15872
32379
28586
13452
17660
17180
21591
50351
49605
27892
3460
43793
62903
3629
9741
1904
58589
11447
16677
45110
36136
45205
29010
37003
53858
57493
22971
55162
56416
8553
59476
51704
55643
22607
49152
58594
53547
12277
33105
17864
12352
52814
59940
22973
53397
40308
41336
50807
29137
9235
30734
30763
48465
17428
626
2007
34076
8129
61065
47507
27214
62589
35206
63846
15188
38637
38789
6825
964
64070
33542
43693
43003
11885
6752
17531
38705
17227
8670
310
32885
24280
48507
48139
40746
33502
14481
63993
4740
37698
38780
20687
53211
34245
62015
47527
30610
21099
49790
12450
62445
34604
17009
24594
18984
58698
48446
54583
32322
27808
4351
63857
23474
46046
36017
4454
33557
34560
47492
37693
13023
63335
10475
15975
21944
62614
30552
41550
17264
49966
52945
30460
60794
35405
14748
11196
7464
50581
15712
21848
24634
12256
10979
44875
64897
49446
27824
45073
8753
62935
39268
19590
14371
10714
12982
33554
33723
19245
3090
11011
64907
48025
36933
40548
24478
52948
40086
11618
15864
47331
38283
3408
21613
53333
672
34877
54061
45557
2862
39978
9085
10942
22494
5475
12207
27815
437
17869
4785
61845
50983
33071
20273
30194
42562
63181
6350
2645
54881
4116
16304
21097
19302
8691
18291
56564
35426
24415
24274
28670
43127
32761
55696
10424
45598
57793
23020
64301
23343
42314
32210
7618
61976
56813
21376
61702
39197
3843
15694
43643
60162
13535
8368
1883
1549
12358
26206
38480
58817
40312
63474
44210
10200
2769
13798
42761
842
38587
953
38341
29608
18858
58578
447
60322
36105
35259
19593
44087
24436
54778
63655
566
58129
14306
9931
14687
41359
64053
43739
64406
12452
38042
27271
41798
58325
30313
32317
62446
30921
54769
8955
12656
16597
60669
22641
43501
57688
54904
27038
34586
29135
36241
1377
4492
14577
54149
28475
13851
56146
59318
42802
51041
16089
12678
37971
41953
39933
40665
13037
7228
32496
64581
9830
36134
48405
62301
33057
38400
31541
18442
49085
16482
4639
40218
48804
58194
30051
5829
63374
27108
20840
56894
52888
17941
33706
6910
59791
60501
23006
7173
16473
30829
12799
21613
2741
65081
28997
57597
4738
8945
31818
34758
36713
59094
60273
24678
49493
55511
52304
46116
26406
15957
3872
8648
48800
54529
59276
35530
34005
41035
51311
49886
25973
6910
52747
14162
43664
65139
51584
17942
56944
60546
56110
61182
58186
4275
6423
32368
3384
8214
54707
58738
3515
26482
31417
5757
38592
62987
28183
17520
26275
37922
15984
35183
4157
57375
12014
37749
53471
45482
39264
41224
24409
31515
6672
36308
65363
16230
27058
17443
65199
18427
45846
33814
37130
28391
12637
32126
28824
46841
16029
40793
22766
40149
52200
45323
56741
11757
40798
6232
41666
24224
52686
63532
20523
13453
51665
39055
53681
10155
56870
45018
41793
52337
19373
50571
50575
20435
2816
22400
43750
53390
46558
26055
54698
38998
18596
52990
573
64292
33154
36916
14176
27875
53344
5958
61168
7872
8868
41256
27603
4364
47203
57254
56899
30185
45045
18963
26371
56629
38232
5113
2381
35611
32674
17170
3353
30006
23377
8316
38446
65267
14358
7851
29910
53277
26701
52714
47933
58250
30787
40161
62047
42415
26836
52847
33792
65265
13481
43046
5051
270
14990
26487
23306
39935
31095
24947
43356
18130
34442
32194
46170
47960
32536
33543
61571
12040
50652
23719
28712
3070
45484
17787
29536
34786
59704
48636
25508
24730
57958
46519
29276
58842
63339
7163
44075
97
33893
14303
33905
35107
16820
21670
61666
7931
55019
10421
31701
61213
12195
48576
36524
5146
31669
49619
23725
61024
28553
30184
50121
50071
12579
11391
3360
7407
63576
44685
18593
34462
41623
10172
39564
18146
34961
8341
59856
40221
7025
42929
65491
57770
17227
51295
17068
63516
45680
54715
21161
45237
36526
42118
14481
51554
16363
30116
19330
26438
56523
8324
24828
13628
7853
53214
53578
51500
28077
19452
39128
5824
36284
8939
11166
15322
8972
65394
7536
45887
29459
50109
57691
37818
4499
24444
25669
49913
886
49668
31363
5291
40092
25157
23742
34869
20444
44449
55718
30757
10003
47283
34110
23702
49793
64719
30900
54169
46828
23038
8107
46209
8524
6665
8875
32954
40495
16583
28874
45582
49225
58854
22298
2939
63903
20189
52811
44642
3555
45868
3546
65283
24034
17518
50869
61172
36941
51985
4069
61987
7262
52724
51253
64825
56972
3017
503
35850
51717
28663
30011
39242
52066
22539
38126
51835
26881
6833
4771
55331
53444
37378
29902
1499
62477
42177
2125
25856
14873
27988
48773
65097
11850
41398
8170
17478
37462
56456
59373
6433
16477
15024
16039
57923
15689
15339
139
50106
60008
12941
1368
52700
20014
5011
20668
20670
2832
36305
15722
42041
29676
20947
5060
1776
723
21791
16928
6191
24686
24481
50751
2446
60994
9238
38017
16363
20882
38496
65468
58307
23192
14622
63648
19269
36371
26176
35489
7800
47608
22101
59217
54919
3641
34824
64
15433
46466
33901
14988
59257
42595
7907
22940
63227
9343
8674
25279
8988
27862
21770
12311
51287
40444
32211
764
15335
32040
1958
57984
12823
58717
46408
51536
22161
2289
55995
20649
34154
4205
4279
62410
16030
48299
52639
22038
49753
63169
55359
40613
46751
34351
59008
62356
18934
8875
33659
1914
17476
29191
65230
56772
24365
38484
53205
23614
27129
28288
45457
35363
11993
38718
19344
29583
48824
49072
54931
30357
50830
31530
63098
45766
34865
17399
42059
15676
49011
38902
21307
53179
39881
64099
37404
49406
43000
11849
40507
26492
15550
7849
24207
36256
49109
1166
3326
39689
52237
61296
15824
55455
12994
20372
7789
47180
34551
58979
12360
32509
14705
6045
5826
6296
37863
15949
23736
54154
35401
46808
2249
48556
54401
25205
62509
56094
63221
89
793
17719
31177
20805
17025
61739
51847
10654
46708
18630
10985
5891
48294
41420
8488
43823
1472
36341
13453
44693
62251
50292
14830
33502
31105
46416
53470
9256
7560
26620
43449
21931
28175
27270
3437
17132
60790
18444
25253
9529
47271
30837
62362
2654
23421
42663
34063
39368
4411
53326
29646
37174
57766
22
44731
51990
24665
15598
12155
6046
56968
54055
29805
61723
19880
22724
2412
17610
63021
32263
22053
18783
13065
55497
17898
21910
50612
37818
10753
59523
60972
6239
9695
29138
4157
38019
60776
42478
16737
41077
1675
4851
21451
7884
57065
17460
43608
28100
10806
43734
21159
64069
8123
53588
33263
15754
34820
34537
27883
30485
23649
21062
4420
42801
10666
55311
1594
7254
52465
7314
61821
46514
34841
12808
48529
48531
9317
60496
5666
31963
44635
22590
21947
26886
36073
36214
770
3125
17104
27906
43404
42509
43410
6107
32139
55498
30982
54165
30535
5589
12233
46938
37956
4319
32246
40508
29230
25071
43766
46801
45049
39331
15131
6966
14721
60324
37734
44739
8448
43290
12547
19462
36273
7366
46391
5618
44525
13928
39812
23664
7257
38701
50348
34473
23336
18556
17750
11406
61638
65013
61105
39780
34141
56472
47907
19977
44798
5796
55074
35602
51997
37470
21808
50513
29740
56404
28991
13281
15732
54608
38445
8203
12430
52772
63566
34334
37903
22456
22437
45901
28039
994
34180
55152
24016
63394
62702
28972
42059
17307
51910
10697
22598
51624
51838
58661
57739
1082
29468
1838
23945
24353
55791
42085
47564
3080
37346
44438
62151
10947
10810
15994
14821
32950
60261
52617
22703
40039
58752
44809
2288
45448
6307
54731
44605
51016
12134
10606
31636
41383
54237
22714
2330
63368
11385
2944
55123
12545
3353
57468
7299
58702
54583
36850
34871
46434
34195
22486
22064
62896
40477
41500
43150
65352
3279
40550
20604
65172
39074
48320
27546
38739
11224
12093
13911
35644
58812
48200
13927
44005
22398
29595
16450
13911
63344
16124
20793
1071
37452
61480
17928
38240
56405
35484
25803
48234
15936
11177
21983
48729
36198
62744
11755
12081
16853
44488
63138
28869
5726
50864
15035
12381
59109
9773
18801
12927
33512
19354
41329
23780
27223
42470
26220
33447
54894
60117
28239
30675
33782
35656
29316
33244
20102
59432
31639
48216
23326
32358
44977
14963
164
48155
18925
18759
24115
47472
29218
24902
65227
48490
12781
33703
21375
53777
32570
2821
27831
11651
34997
54105
57907
45721
10905
27188
5295
35091
60640
7521
43557
50828
8288
53882
63311
42337
59745
51139
31653
21281
15648
14159
57091
51340
19175
19691
1611
60973
20501
61698
50985
8557
50981
56041
28759
41305
4192
44058
49567
6631
39334
12081
25995
42595
56967
38528
46887
14799
8090
41937
780
64217
29623
39873
4152
27531
56149
25510
58173
34729
39361
65143
58244
17412
25784
28183
55862
32858
35891
58483
36213
59547
39255
24180
35441
27578
44799
50715
3872
19697
42460
39071
27606
43686
23092
43639
5532
57870
21861
13179
12827
15153
51814
38871
64983
20438
64948
56923
40102
40618
57557
27333
39912
62729
40854
45427
20423
12390
16195
17736
31711
43533
24187
17536
40919
49715
19322
47658
53589
24410
13414
12385
63390
3030
20312
46225
3361
8607
61282
6421
14828
40297
62815
21606
37216
17500
26093
20984
12742
7245
4059
54802
17215
38409
42273
57637
369
15809
1738
34145
21817
37430
25278
46193
43596
15339
23338
8437
23384
38276
48005
43368
23853
15773
5493
47978
536
2403
21229
908
5151
22788
33933
32283
35354
38857
64953
18189
51191
21286
43000
30892
2696
41123
26856
26776
4935
38135
18172
65177
48116
37380
38195
52257
37069
16659
12212
26013
11990
56702
39354
23336
14672
59940
63526
37100
55722
30706
56394
53637
482
62409
50756
31894
64434
53743
33895
57845
46777
40035
4562
46174
41862
11721
60085
2963
10645
36528
62595
21844
5938
996
24672
28727
13063
4606
60249
37706
59072
54359
42447
53059
21043
43056
7203
39412
57561
3920
46954
26831
8685
58025
55431
17770
5219
59695
35577
35143
7846
52432
24221
772
22677
29727
36430
4064
31611
31715
41806
42865
44058
57909
40337
48244
46471
29924
37042
58005
50191
39459
12656
21445
43625
26423
52865
22855
39598
32670
12197
43118
40967
3007
33360
196
41020
4091
62182
635
48185
10432
38401
8987
18372
12264
19001
41067
13111
15731
19755
41701
48670
53079
33848
27313
60603
28757
29243
41419
28871
12553
16077
43052
21159
63258
23478
16818
52403
41293
6837
48335
56640
58732
7968
45514
48128
59849
49008
47265
45061
17860
14734
2057
35310
28444
23311
28791
35839
31322
17392
43126
55513
11785
53254
41673
61076
6506
38158
4934
35236
51521
45048
17422
7512
33010
62191
56611
20878
64653
43636
2939
41281
46955
40667
50011
15163
60442
26587
65037
19504
25406
40645
39296
28557
48401
9081
8737
9182
47516
23933
16618
4553
22534
19584
15906
60167
42102
23659
16420
20518
20182
32495
53721
28347
41744
8611
5288
21934
64852
5311
35103
12391
54662
31549
37406
22085
48696
10816
57617
40405
42371
15624
10826
29590
57268
27845
23566
12336
41181
23845
51385
38022
23029
6534
50098
62775
3680
18561
12606
22735
24816
49859
20437
43293
44368
28878
34120
16934
62523
42064
31360
19232
51468
28914
28499
31150
45035
33681
7412
29468
38756
58371
2701
15567
30499
63287
39515
41221
57639
26992
16919
13054
15015
60601
3006
41635
48417
2340
22380
52453
14549
17382
25857
63247
22536
35781
38977
42516
34727
3251
2429
47714
6499
58942
9618
50896
5261
44856
52948
1630
14250
1520
40450
20863
36575
21184
5117
57891
37045
38134
11322
44119
12521
59647
41530
54691
60156
35989
34327
54986
29703
55509
32530
29213
54329
27444
28947
20132
53837
39155
63707
25787
25232
35899
1517
38241
36782
39536
41843
37602
31291
53488
54269
27828
23751
31288
47133
6750
55737
57169
14626
30888
13704
56569
30960
8488
35452
35417
44157
17478
8818
37269
30765
26010
16737
2936
11203
7976
51049
13050
16093
17782
40336
46885
27560
11968
30100
59662
62342
49761
46821
49039
6384
43146
50002
22786
31024
43701
138
38784
3207
49127
7179
54783
6423
63532
12272
48714
49161
4256
51125
23681
15613
23227
38544
2772
12187
51497
28179
46528
13553
2923
52922
49982
50793
37954
1436
43529
40847
23560
34336
41808
53127
20232
718
28626
44810
15007
7509
19586
60407
6205
3058
6654
10747
40014
25655
39832
51709
7174
33709
52529
29366
14124
13329
64885
64221
16663
21503
1197
24584
24542
3337
17451
1417
47928
31189
4499
11200
65107
13416
37678
52028
35221
18607
31916
42974
51265
29573
54468
56923
31904
8879
29651
4403
9481
23581
65092
41742
52965
51450
23193
49328
20107
6756
20134
37443
40867
26760
57959
9521
716
20921
48467
49794
46696
40398
43941
56229
51210
4488
57780
11353
25122
2189
27836
44003
1708
40923
28528
16501
34840
31385
41646
6192
61554
22695
57926
51373
40969
18058
53180
46276
39800
40657
20642
4599
41511
47445
7362
54229
36266
21005
21557
48345
16315
52057
46479
49140
35040
18993
35124
7115
20386
40702
57611
18121
17248
8423
12525
881
7635
2294
22573
27207
20103
48133
4098
12628
33192
42
63692
43761
12006
23815
33599
36290
9055
9538
41547
20523
33939
11668
16690
14127
20312
35480
13572
39485
42697
35848
37578
34268
21786
28097
35264
36241
42825
47163
28981
50347
54921
48010
12725
18241
17427
23796
843
13046
22758
8941
7580
48577
54425
62142
49054
60581
62138
65254
42995
38262
54728
388
42835
10362
49392
25645
15171
57416
44501
14775
45558
54936
24908
37801
20134
13294
54017
65026
47766
34809
32213
23913
48113
47663
24034
51098
55626
22331
55872
7374
10900
61861
46029
44978
34251
29026
26908
38902
35624
46824
10500
31308
41804
45085
19130
19855
62236
38819
52305
21480
42778
27290
43204
18689
7646
51821
40905
41521
49300
12247
22796
51988
46111
30002
9978
50358
58349
44450
23961
50548
18536
61877
10685
44878
35026
58748
7205
59645
47130
9642
23389
23768
44166
53143
28072
34180
21715
13061
55373
4497
27303
52393
35353
42675
27033
63937
2818
53541
53360
64202
58369
12361
9772
46273
41307
42598
45319
52064
47247
44404
62518
11329
22270
59632
59821
4657
41043
38928
14967
18418
13359
56828
57427
50095
335
29866
49525
30019
63469
46940
11901
52426
53838
6271
13544
7537
43728
29386
41829
20714
45166
28283
12474
22871
60513
58370
28215
58459
9789
18281
65371
14067
9181
3266
27123
29062
41566
1063
21543
35648
65019
30783
24855
22648
29575
55762
52528
47715
764
47255
56460
32819
24227
57090
45486
42907
49772
57625
33948
24162
23823
26369
16213
64499
8198
50528
34058
16155
39880
48676
2341
35666
60807
56107
846
41165
30198
45214
53813
42801
63543
56627
50419
41856
44117
26708
16417
1527
506
31081
17834
32903
40151
42812
17880
61452
1523
47603
24105
40978
29691
30565
15849
42530
19288
42380
32795
4955
30755
52397
22089
24053
57628
49778
53070
51180
6643
54876
31641
63916
54780
47987
52538
61104
33509
46697
52602
21924
50339
2994
37585
53962
33293
62486
41323
62065
5799
14064
42924
64468
39793
60425
13068
26453
48691
50718
14666
13243
38925
24455
22874
54563
26076
2316
48814
33493
3435
16212
17182
42863
23967
31483
3085
11841
18760
626
16139
53659
40818
40670
44970
21834
3917
8357
32694
26706
60898
22953
11723
59972
63463
23551
6311
47478
23545
63116
58138
44435
42464
16974
5214
49075
16958
57022
23180
17460
610
44862
58574
63765
11079
10287
31804
24836
42827
36558
34172
22681
12893
48749
37115
65036
9351
15768
49575
14702
28720
5659
64759
19801
20905
15059
8275
37732
55753
46431
59926
52288
3720
54353
37816
50901
9488
62712
10075
26362
18440
3351
12346
27796
40310
5070
61355
60687
48884
14354
63933
46614
19579
36388
13166
1382
35705
51347
10055
57256
10508
13119
57808
41887
50205
45779
37099
52816
6861
33095
32610
15191
52481
18391
37800
19019
54503
14714
17637
15291
33249
63217
26909
17003
13629
64869
22504
3400
19419
39079
41073
64546
32407
41080
39113
36926
53662
41881
213
29312
64951
21593
25648
17399
21480
49899
1263
1351
8376
53989
22244
4361
49428
37642
57776
22557
55677
7160
64810
7385
17500
38943
25482
52015
37470
10801
59345
39636
33754
51843
5615
17339
15879
1023
50274
54690
42415
54770
29054
45163
58478
61358
22320
42160
59690
4912
3541
34334
11878
50955
64606
28328
29695
61043
14230
63214
33153
33484
32763
15175
44727
53869
12737
53734
36330
6861
24793
20911
57485
41017
53243
24627
45557
40087
61706
36351
54140
14369
39515
22540
24562
52788
47271
53852
27635
566
43999
16432
22458
30982
33907
31314
38824
62938
54069
23228
28512
3802
24417
6226
55053
62014
7103
32595
1573
50913
13286
37606
10799
60311
46358
11900
6093
20605
57346
36276
19531
29990
42349
27678
48126
32651
31020
18988
33142
37212
27912
30309
56244
14689
44358
40480
33893
61469
7464
48248
49676
32216
7409
27704
56777
63481
29549
27738
38511
13756
51817
5277
3670
9521
47712
35374
13545
4036
58746
30392
45810
37496
42206
38348
18034
12059
43701
42925
45961
42649
31572
50092
8551
7913
22620
24844
64518
7266
62733
52837
2943
36321
15646
21925
1644
36687
55256
55841
62151
32696
55027
7611
15355
12475
33433
9246
38882
60548
48079
20554
60007
55549
9578
8
16088
20946
10426
10409
19296
41901
36230
4262
20005
12277
28976
1726
1677
8467
12547
6725
46956
47316
21807
3669
21226
25196
3534
64083
3558
3674
16564
25510
53756
51085
17012
32277
62831
20354
47506
51277
57655
9996
47098
47441
26236
44124
50099
13212
34949
45535
24869
15556
30895
64984
16192
12344
64416
4605
14514
30963
25547
38331
49380
6423
3807
13583
54191
27567
8510
6188
55537
24227
18756
56554
35219
46215
55196
52219
55117
20414
10496
41664
52780
4059
56530
5110
25124
17600
20405
64345
53821
53098
4108
55196
25393
55011
7325
1861
32643
43497
31639
24689
40313
24323
50362
38109
59920
59889
21461
63940
48110
18838
40396
41599
49023
45499
38738
2507
1353
21643
60920
32727
65218
47592
60356
46376
60134
22747
43277
33038
20881
32559
63855
35682
34467
5313
39313
35403
52889
30867
29026
58691
22487
34429
15601
63165
16843
25587
17888
26675
35267
54525
42513
1273
55376
42482
9311
40287
53069
17493
44842
45498
40281
33918
6277
32975
37923
58722
26592
17208
29748
40471
11271
22274
57610
64897
64209
15130
51628
15590
1069
9292
25320
55577
7579
43765
26065
39877
12110
20773
21585
51799
4656
14434
16065
16319
53916
45907
24057
60463
33354
61971
18558
18170
42609
64037
5560
35818
62423
58818
18261
54892
18649
47193
39263
56734
55837
17031
19058
7223
56054
45400
60674
59439
17041
28579
42477
59288
9066
35580
28554
47042
60890
27276
31983
21162
55134
13767
51605
31543
55559
24299
30358
18780
42229
35410
42073
15971
62660
27471
48426
51074
11329
49814
14193
38585
18389
15429
54720
53375
58569
35774
17506
49692
46416
11962
51870
5852
7233
35648
34015
20824
9024
4886
63992
25032
30092
36010
62314
36101
50704
40897
11607
9768
30406
48288
32379
2751
6287
19215
18306
39448
53843
38149
6281
59043
46569
57392
9237
24675
35648
43645
5786
44998
44981
50789
6907
35251
3962
31016
45451
58704
49523
9424
56141
55208
1010
53259
36660
21228
42141
56478
46112
59672
42325
61803
3260
39500
57858
49342
50276
29479
47900
413
49218
31923
38865
65297
59414
30855
51916
32234
17167
50114
44317
31015
33997
42675
54730
21937
38216
33178
1178
38673
57792
61491
58365
30087
46632
34301
39610
51528
55485
15045
19133
36288
64604
40255
19763
21335
27475
12268
38221
5623
21543
33393
14903
11970
51100
56965
7298
48217
20887
42247
15555
9821
53028
20988
16433
53690
7068
2344
52287
57654
10084
60826
54580
10227
46663
27068
52235
45625
4084
47578
22976
28854
16821
12886
36081
40672
50772
23855
12100
26861
34439
15556
33109
63998
64155
23630
4317
22585
29231
45005
46119
25661
62659
37308
61899
56001
52047
3103
10759
4579
6742
29012
34369
11772
8424
35788
14485
25308
12778
43648
45135
62856
44145
9054
11322
27417
32336
56550
42387
16074
6435
7255
56510
46745
36443
9325
6082
42452
11767
18720
23074
52079
25168
42513
16172
10745
50533
50929
45485
35089
52437
59828
57152
62881
63284
25408
11598
29467
549
57293
36687
37519
50233
63332
61395
26167
3348
12910
28436
34559
5894
42750
40439
17896
22032
53734
8158
13615
31266
2925
32993
30682
65004
31284
64540
48516
38594
13223
189
19337
24340
15566
42769
9345
45074
32445
7850
27716
17332
19779
25728
27837
45506
57759
36519
3500
22703
55602
37498
35473
46051
59013
60604
57204
56070
48100
33468
56494
40547
59808
44874
14713
64242
36357
45302
3671
42912
53132
34454
2179
46627
17020
56606
51053
53925
53136
56242
12045
33555
62197
20137
59520
29300
57296
6307
21753
40771
29583
59653
54691
21613
54787
38527
43709
30988
3748
46648
15877
30756
24936
49291
13227
8187
1751
60575
46377
60554
34403
25880
12093
10584
1720
41465
54402
40601
13466
46303
1656
55967
7418
44905
32298
39240
54569
38777
39938
40090
20862
27005
34203
29141
22497
23265
50231
50525
32540
38156
55568
572
47794
7560
58937
55755
6350
56526
46311
36946
24328
24184
20077
34964
19386
55097
49632
34499
18668
65279
45738
29479
5311
32469
14354
41302
562
32009
36074
49439
32052
12475
27113
45408
22562
4212
19127
53628
39784
55218
22265
3233
27634
15357
35398
10569
46013
46632
18014
23597
3857
18898
25745
5684
58991
42854
28126
30496
24100
53128
30299
55865
51381
10877
28857
52076
29425
63941
36570
18730
39010
16029
48873
8511
52616
8589
3042
9124
15090
15902
45537
35897
41459
44333
11883
41994
43680
