55985
45143
18838
49212
52654
53005
37690
9685
34355
59339
8415
5819
56026
60923
5084
28951
27698
60501
24430
3274
33902
50765
40017
35138
52363
58528
45832
65131
42103
28074
14386
11233
27431
9372
47213
63280
62311
3413
46608
17672
45646
54115
23742
48632
10916
27927
8774
59484
135
35878
54811
46429
48501
7145
11717
13622
43721
49982
18475
30369
62618
22435
3968
42505
7024
55182
38823
61514
44679
1370
18637
51020
4368
1642
14814
21103
23717
44966
31293
5913
44478
50776
12364
36861
44049
61302
21844
53830
4008
28910
44040
41162
64365
28936
43170
40162
27924
56957
19805
43518
16309
45455
53735
17427
62201
29703
30821
52975
34340
45623
57227
7522
8530
28151
18372
3630
33653
16435
43210
54493
19578
59821
18193
15511
59735
5444
44861
45799
