40367
37418
23211
57144
11481
4830
62669
38188
3173
61371
24001
62981
23405
9342
64408
53728
863
28111
20822
59773
10428
35290
50184
57135
55585
33501
59624
6802
17717
62308
36599
26627
8596
5714
57117
36215
26378
1093
47935
45649
46424
8076
40003
46353
33057
12173
8674
62409
62738
44123
24710
65480
59326
43824
57065
22261
52480
26367
13880
53856
38014
55749
55771
58975
30349
14563
13490
20206
26394
25774
9161
6252
10336
1611
20365
36791
13869
10980
487
64357
17402
31590
57818
32614
18168
32865
59591
18346
3062
31371
61195
52138
31820
8976
43974
54130
62194
9231
28589
52154
7911
29963
28807
45457
33617
36945
34983
49590
59216
36704
29818
57698
27310
3332
21888
30702
22862
11600
50173
30139
9030
17204
10793
5560
20002
43293
43729
53013
10803
23998
41346
63735
41270
40658
9498
7645
42160
53402
52990
53924
45107
49868
49811
27214
12589
9428
49610
23321
22703
15550
29744
53831
27257
33779
12777
53445
21092
9794
27693
51607
54645
53937
11666
46354
51198
31059
15631
31566
58320
2317
630
12671
49982
19837
3277
12653
29072
28243
26193
16400
56633
36400
59055
44325
55987
15845
33868
466
63630
40682
55466
32351
16856
18964
35726
22359
14646
34243
33033
4481
15255
59805
765
62731
7023
54140
3488
31889
17786
18618
13745
44118
32362
54706
2087
20688
59559
13238
10159
3229
16203
48896
43369
12970
33904
55614
47710
58090
26749
28807
48224
44977
16952
58421
12370
26844
52448
42701
44135
56448
46759
41652
1796
25494
49527
28473
39867
63122
39141
37691
17256
41107
3702
57793
39277
33986
39872
3028
49465
29134
62960
24143
45006
55724
2172
8064
60714
8525
37024
22654
45266
45680
4371
59647
47638
12938
61335
59756
47344
10217
33564
59011
48700
7263
37883
17896
1176
10495
10670
29704
45547
1108
39270
7392
22574
338
52160
33323
26315
51321
33649
24384
13382
22420
31316
32891
64266
2203
17742
42023
62004
32729
53020
61420
56532
57004
31707
58751
30543
20172
22154
19620
23145
20598
63014
3947
9550
20911
10940
42077
44456
46227
21087
21168
3487
34526
65131
36314
5820
28317
26039
54345
21359
34861
24507
28013
12280
55755
9361
16637
32190
63534
44503
26965
34398
44923
18538
11225
8850
35612
30197
20582
18887
18298
64149
33944
49307
26449
59401
52849
46345
60344
3625
1203
50336
49963
8223
47581
63251
59234
31989
31717
45609
13740
5003
15421
19626
35256
5167
35492
5936
54307
11773
55909
8397
22845
63358
48023
30437
34930
17229
24456
27814
12191
22660
44356
32645
55487
57197
42647
64842
53655
58873
8901
9102
54021
18333
26317
19399
11305
24305
60840
26636
44456
26168
31625
58562
39794
38398
41395
18327
45394
29325
41935
793
12506
22021
18183
12080
6814
59786
6285
40098
57371
49163
58633
58525
6398
58549
39258
15882
15078
23219
48455
27302
16542
5208
25671
63040
26543
60320
2557
48841
51160
15029
41519
33535
62438
41471
58217
2729
36017
49356
1955
43742
61201
65173
9492
47076
17283
50903
41232
58639
17356
40046
26004
18860
5695
40629
37235
55674
56630
429
19640
5715
53329
18534
26541
55823
54716
13594
33296
21749
39366
38807
16950
28776
11092
53444
7169
35570
23365
