37005
19140
32822
57532
32130
25605
6012
6139
27347
41572
33777
9280
6269
7164
31613
63496
58157
8123
50995
27392
5977
31412
61176
43908
44564
11750
62920
1607
30770
2973
32829
63292
63786
18901
26177
2186
9793
46628
50390
19303
2653
40923
62245
64446
47346
4588
51251
43730
56037
6936
60850
10658
40874
63156
39956
28703
65358
55644
64281
22341
62633
53995
63136
37694
62212
64887
32327
35671
57509
37027
29466
21800
61858
1626
2270
30881
45555
63633
40317
26652
52020
35131
40082
31687
48829
15806
19985
29935
7625
38491
48207
5936
16100
9256
20686
17763
32962
50946
59483
50033
61051
36496
35225
14205
16332
45979
27553
23448
55215
5844
14820
23452
6435
10806
33199
49567
49059
18069
55453
51994
4008
23990
56658
56464
5237
56971
18085
26834
60425
52431
52065
63888
45222
8210
46416
8543
25611
41396
40398
30323
27360
43195
32608
28456
32373
53496
17259
57973
29010
62369
53755
30324
61937
63805
45478
40639
57843
37764
22611
55863
54735
45210
29393
7956
1431
5274
27312
37641
12460
20185
30601
29074
880
54219
49569
44472
46842
63136
62806
63008
35786
65087
55516
45668
51068
1228
61151
22997
65495
2904
32298
18037
43302
38546
52236
33939
9147
24668
34688
63624
4198
28147
25203
21153
21081
29571
60192
52009
28794
23829
35471
57464
45180
60761
20877
63940
57733
6755
15301
3321
64516
348
11340
45873
12952
26272
33814
33804
15301
41942
45381
55267
25786
39621
20392
39632
60987
59168
53392
37363
34422
38900
45926
40963
27385
969
24403
44725
13621
8590
32308
27487
21461
26480
46854
56835
3889
27312
50998
37125
32933
16597
17750
27380
36765
22318
22948
43577
40462
6450
17051
58973
65333
53946
6936
34608
18086
58705
61782
10754
423
6483
56447
5887
56017
55009
11775
17434
11691
12057
50820
42171
44889
14207
23211
60744
36366
12127
25155
32194
63771
22630
53241
15294
48987
54845
65354
62170
4560
11552
57132
62779
28265
30041
30714
5858
55905
858
17789
10559
52938
18412
28046
64642
42081
44891
62406
46704
26135
29265
41393
3146
33635
26746
52559
1552
58674
42179
30748
46117
33104
456
26239
35977
57300
29614
12753
23975
11424
52840
48366
33028
57957
63747
61973
6485
3847
20412
64040
57916
8311
31409
31560
15898
31884
17205
21155
7514
45426
68
56743
12930
23557
39940
58847
28391
12704
1651
13349
48135
667
15314
54596
41168
59814
46099
35111
65313
20054
43079
53028
3154
21860
12813
63613
23564
35396
100
20795
1729
283
59032
23102
49262
35194
50103
35928
44663
37682
60610
38067
18996
35590
34681
17878
45377
50991
52736
29280
41105
34133
39691
30521
56514
13441
45749
2072
14505
22277
50335
45251
41835
51422
48000
35267
46347
33392
273
40636
33797
7650
22548
29251
64728
27466
28454
19269
3552
45484
19736
54236
46999
36822
57559
25002
32628
37481
56355
60555
27694
28728
7510
16067
4488
45316
49435
9213
3854
6233
61719
17475
56664
31310
4489
18488
41656
17325
48211
21171
35277
64703
26580
19067
22013
3131
54585
24993
20472
37674
57612
31730
10824
37807
49921
53194
49952
26308
28954
1918
46037
58704
57305
59273
16642
53953
38167
45089
11703
21930
54925
17807
20449
20806
59433
44890
51940
2032
54171
62445
7954
22294
29244
38214
16300
11642
2374
17390
52562
12165
84
7034
1431
14796
15008
54893
26057
4303
37240
35641
58667
60478
37702
12882
31242
38928
41797
41166
62806
15737
46580
44459
47507
47163
4475
13221
39663
22753
37027
2855
54169
62794
36084
21696
20080
55957
47092
9177
54930
12954
25806
4760
26087
32089
42533
49385
9004
42687
52480
63751
34721
12756
50912
46199
58869
27157
6198
13518
50862
30188
16586
26234
44148
29657
50056
28781
30966
14075
65444
14011
5509
1775
63996
47459
48777
43480
46725
31327
20538
37925
55007
26839
5318
10623
60644
64302
53566
23265
3067
35393
15444
52425
1955
17709
54692
40174
52185
18906
42499
55986
17291
49947
54694
30920
51374
20091
54715
44950
29755
40039
57913
22961
1627
54107
52620
36638
63014
42591
57808
27571
12995
38644
2000
35402
63935
36799
16430
53324
607
36890
38306
40373
22065
32048
32629
35822
8263
64753
46125
23233
61641
34459
59536
33412
30865
64750
26217
50892
5833
41684
34274
46420
26297
35654
24374
53416
9697
9689
29659
14912
13441
45686
36077
57048
9286
24338
20615
20172
16469
61726
8404
50998
2155
18620
60135
39228
21758
52491
27381
43027
11544
39281
46128
44961
42466
12504
24443
4653
48741
35915
64185
45817
37265
18855
35322
65279
52552
60105
61507
61937
64743
33317
33665
56434
21838
50080
17183
28346
50284
9260
36862
1670
48875
18678
14091
58101
5999
53840
14449
60778
34278
64939
27552
37506
40437
62163
531
9802
22592
26875
59747
15765
25164
45298
59374
5136
49400
18439
42823
36273
11987
3922
40294
13284
9229
60756
54445
4467
22438
19375
48764
43120
53609
39534
18935
4745
43062
55406
7145
22140
55635
8528
31006
40283
31109
42652
689
19835
65199
24513
38654
51721
13835
16613
49027
22690
4660
55024
14272
53903
27005
5128
8055
61628
34016
58911
4317
7914
25769
23699
57695
40411
26256
38059
30765
22823
49132
59501
16223
42684
13709
1470
34353
56981
44558
6692
50551
43938
29650
49938
50825
18160
41015
35194
7492
30458
53841
36088
42891
45426
24859
20712
19851
24417
53129
1362
47401
45518
47144
29254
15334
58046
3243
10995
57507
26099
2466
56281
62622
10277
37002
20890
15586
23894
50219
31090
49186
65296
53964
54039
1785
468
27127
14691
22450
31505
14929
51079
57710
51804
48674
2526
5136
38837
47097
50167
46445
62615
46965
31271
30687
29141
19930
24503
56297
37131
20146
41022
63558
50688
63529
19567
45484
17018
37773
49468
24711
54927
23088
38231
53335
33374
44817
57904
41722
29585
16121
63750
10159
29111
50268
11992
5752
20527
25156
7130
20301
60901
45796
63071
39589
15767
6231
3951
61031
55539
48137
25722
55410
58395
31216
20021
45455
33614
28623
47621
16344
49781
18226
46204
29764
25716
55673
38292
36904
42992
50902
50737
4016
47888
12722
54069
53846
58121
44591
3138
7421
36948
33217
36698
27514
31709
763
14328
48964
7339
30365
12251
56029
60117
15081
7588
30058
61817
13768
59974
14530
10879
47236
40519
14036
23404
22074
20871
54967
35493
2664
23030
56860
54650
4473
9823
1075
3620
49782
14267
23238
38701
35275
45110
9653
27498
1615
3460
28922
21616
13074
51875
52245
8249
6449
58008
61953
63143
27953
58664
45230
48012
44959
10905
23458
64719
25076
56740
64282
61901
39147
55173
1695
4354
25268
35591
17967
20535
53135
33498
43837
47569
14150
29633
16607
47673
48018
51069
4499
15853
20904
37423
35028
50376
47202
1650
5568
12045
62317
58631
45948
57733
64683
39227
39466
63222
32221
28385
49127
50402
10532
41680
10862
13359
46308
9546
13990
6800
52836
4681
40587
61403
40442
36503
3937
60293
39798
3473
39968
26512
30505
50145
16333
20943
17033
54143
10281
906
60321
25967
2562
18970
29248
58815
16956
54627
16007
10238
49880
56638
7342
1528
53815
44572
52919
62221
47211
59294
36629
13346
53923
42953
36219
55613
13611
28197
17132
19348
37957
54670
38366
15493
44940
3731
36624
59032
14251
60733
64276
27324
23774
9818
36413
16608
4030
55027
59261
265
11968
56883
29075
56822
55580
54665
24177
63802
19476
2827
47230
47341
21430
19110
8987
46274
41165
55325
56944
36155
27411
11145
15622
18605
9417
45045
50569
14610
49475
63443
62640
28100
21890
20324
24364
61277
46530
37159
42944
34462
47004
5406
11485
39579
44840
62967
58978
28593
11701
27029
5533
54461
48449
31599
38184
36948
9179
59024
570
62436
23461
62470
34547
414
8553
1650
64518
28891
58638
36770
5318
63227
18404
54953
17982
36467
22025
53478
20911
65043
8314
50961
36563
51445
46654
9265
45379
12979
12833
34048
46554
10655
11335
63635
54795
47094
1143
27559
52477
46233
22412
34339
14436
8502
51960
33060
34178
6967
65479
10104
41175
24107
61450
42434
50636
35517
21617
39676
52919
50351
62550
10894
2310
59768
65326
61864
50476
12491
62039
34740
5120
25061
30076
16829
62889
9851
10876
8967
23522
24126
54679
26957
341
57016
16322
23026
14233
49247
5090
19942
13594
63438
17371
29045
7804
33418
2280
20932
39095
34768
20294
6670
51423
29607
39316
45474
12659
57646
26818
37843
16742
36952
31065
32566
22007
3279
40453
64379
4091
29547
48072
44586
6713
13226
5301
44167
27308
55053
13348
57710
12532
41882
58638
42645
54397
22150
57317
62614
20336
47776
15560
41910
40951
56396
3422
52803
64437
14061
50235
64581
18489
22384
40475
46086
59233
13989
23655
61537
52169
36305
64724
38888
389
40935
55653
31812
7611
12429
27038
55650
48824
3011
46548
51300
53860
45848
55573
65362
6518
40096
40016
47542
38885
62606
6876
3826
26471
1023
7465
56349
17829
51605
9481
14937
29439
55422
57460
57874
28508
18675
24252
64096
5410
14159
30605
2188
6542
15746
31124
32583
14804
23215
6959
3032
36363
16315
11654
30095
27418
25659
41124
32129
60065
18013
52070
62629
42744
58852
47839
62470
40005
15263
19942
36090
2102
36628
54767
40829
13814
63106
26822
21219
38808
12278
55284
22283
10673
52109
50561
54321
19074
60501
20504
30085
35659
38584
46299
50874
33062
28307
24398
44327
5705
26190
30448
18440
14349
8677
14157
10146
23702
13477
35479
14740
5106
36214
17766
31854
23395
16026
3328
38642
33158
8209
44200
15212
29786
65373
43357
55861
41381
6807
34114
58624
42253
5040
42382
57837
45284
7831
33412
16155
40998
36654
18223
12674
29950
60561
9431
42549
49277
34730
57324
65249
39347
7393
2779
63461
49444
6739
5658
61722
37310
3932
4955
18780
42695
893
42218
3663
42631
41429
25559
56756
27521
24724
62238
5629
39939
194
9261
9216
26344
39195
41212
39846
41325
1536
7765
1826
20444
50904
60478
27159
41344
37031
19346
50396
37491
60264
57404
62423
39605
57814
9326
32673
61400
18083
41814
8316
58317
2643
37575
45939
11988
26324
32434
10395
56553
32755
26463
64700
9567
29489
51780
43361
53502
6739
36254
8342
35064
63266
27174
28343
46836
42470
58293
40195
32990
9810
22159
34825
8599
1844
51433
53222
49422
10094
59075
44883
3845
6944
30536
2301
15380
61909
40730
24179
16967
35579
22114
24345
63547
52838
33138
28205
35799
50969
9725
38253
52491
36662
25069
31312
43909
18336
42830
23836
55506
49595
16621
2403
57030
44273
15181
7254
13407
41928
26796
44041
31962
10750
41429
44392
36762
26750
63112
25946
48902
60356
41372
6377
16522
10892
63246
27095
3523
14954
19739
10424
43602
25759
971
54151
46215
39629
18767
37118
25452
32616
1292
14809
2221
11833
16660
46012
61468
14945
21185
17989
37469
29043
36109
58880
35771
49305
52203
58677
16658
52147
54717
37901
17532
7132
36000
46130
14028
32801
61712
22240
12511
7580
410
55294
28350
34300
40258
64953
46237
14171
47183
50307
44799
42245
1369
26958
26592
1432
37573
62192
6693
23505
46688
4749
59353
23747
11378
47945
18068
6622
34926
65308
27505
2605
38408
20717
9124
4136
19130
47953
26665
21695
34187
4898
56811
55609
26989
18277
5981
34374
505
24845
6975
25484
3441
29032
35846
37222
58531
20061
48792
25469
16913
29717
18115
55514
62401
48865
4822
25848
28736
11702
33924
6797
15750
12472
33898
37076
2589
50490
43503
23669
55861
41968
41132
23795
46687
18576
13907
20153
53049
14134
2958
31802
31576
10627
25910
25846
29797
48035
36360
48424
24172
11886
45950
38847
41186
25544
9574
27391
48707
34711
15606
51185
5723
8705
15449
6354
55121
28244
40382
61483
22124
24205
51124
9970
60482
29111
5904
63144
7324
2627
16879
42990
9936
27665
39128
53073
5280
41959
49957
6470
38316
54253
14712
33662
20022
33290
33799
49639
12834
2158
40943
22332
34031
50076
14069
56669
49961
37812
60319
62802
55369
28420
53738
19596
33129
33649
50296
55995
1087
20252
64817
9391
30077
5308
16117
38120
32171
54609
37847
45420
5993
7288
23571
42827
63080
61351
32307
65142
62736
37996
19963
13295
61839
44985
59972
63545
57807
59486
9639
57742
55727
63287
22397
23979
29247
12081
51538
40496
58039
57135
25757
5379
44190
62217
57652
46987
9465
64443
1366
39929
56379
8092
5686
50862
15274
63638
23535
18730
37840
10353
3752
39595
203
52721
34472
65010
24784
29501
62973
48136
51029
4911
62340
15124
62022
22760
53052
2503
38913
48912
57192
29948
53539
63894
45511
39967
39744
22176
51950
12913
33933
5438
25158
10502
635
55937
50909
54231
40224
19612
36681
45999
63447
14623
60928
32286
18046
59565
35481
24034
15191
389
50572
29507
4664
57069
58322
1148
4482
3659
62066
23688
50663
18079
7218
27764
34378
15384
1872
32487
26356
32407
54476
4764
21596
43666
48531
31120
41043
44913
16668
38879
39528
